# Cluster size, Rg (nm), M1, M2
1.8000e+01 1.9209e+01 1.6200e+02 1.6000e+02
5.0000e+00 8.2246e+00 3.4000e+01 2.8000e+01
6.9000e+01 2.5720e+01 7.3400e+02 9.1300e+02
6.0000e+00 9.7628e+00 6.6000e+01 5.6000e+01
1.9000e+01 1.4992e+01 1.6600e+02 1.6600e+02
4.1000e+01 2.2769e+01 3.6400e+02 3.8100e+02
1.1000e+01 1.3922e+01 7.0000e+01 7.2000e+01
9.0000e+00 1.0702e+01 7.2000e+01 7.2000e+01
7.0000e+00 1.2098e+01 7.0000e+01 6.8000e+01
2.0000e+00 5.3244e+00 2.0000e+00 1.0000e+00
4.0000e+00 8.9054e+00 2.2000e+01 1.6000e+01
1.4000e+01 1.3702e+01 1.2000e+02 1.4000e+02
2.0000e+00 5.3676e+00 1.8000e+01 9.0000e+00
4.0000e+00 8.9552e+00 1.8000e+01 1.4000e+01
3.0000e+00 7.5014e+00 1.4000e+01 9.0000e+00
2.0000e+00 7.1796e+00 2.0000e+00 1.0000e+00
2.0000e+00 5.3072e+00 1.8000e+01 9.0000e+00
3.0000e+00 9.0579e+00 6.0000e+00 4.0000e+00
1.3000e+01 1.5893e+01 1.0000e+02 9.4000e+01
2.0000e+00 6.4050e+00 8.0000e+00 4.0000e+00
3.0000e+00 6.6548e+00 2.4000e+01 1.6000e+01
4.0000e+00 8.8477e+00 3.0000e+01 2.3000e+01
8.0000e+00 1.3932e+01 7.8000e+01 7.6000e+01
8.0000e+00 1.1394e+01 6.8000e+01 5.9000e+01
4.0000e+00 8.2098e+00 1.2000e+01 9.0000e+00
8.0000e+00 1.1779e+01 6.4000e+01 7.3000e+01
2.0000e+00 5.0263e+00 1.8000e+01 9.0000e+00
2.0000e+00 6.3396e+00 8.0000e+00 4.0000e+00
4.0000e+00 8.0352e+00 4.4000e+01 3.3000e+01
2.0000e+00 5.7072e+00 8.0000e+00 4.0000e+00
2.0000e+00 5.3351e+00 1.8000e+01 9.0000e+00
2.0000e+00 5.1696e+00 8.0000e+00 4.0000e+00
2.0000e+00 5.6732e+00 8.0000e+00 4.0000e+00
2.0000e+00 4.6740e+00 1.8000e+01 9.0000e+00
2.0000e+00 5.4591e+00 3.2000e+01 1.6000e+01
4.0000e+00 7.5140e+00 6.6000e+01 6.4000e+01
2.0000e+00 4.4699e+00 1.8000e+01 9.0000e+00
4.0000e+00 7.7236e+00 4.4000e+01 3.3000e+01
2.0000e+00 5.0342e+00 1.8000e+01 9.0000e+00
3.0000e+00 6.1482e+00 2.6000e+01 1.6000e+01
7.0000e+00 9.8475e+00 6.0000e+01 5.4000e+01
1.1000e+01 1.7081e+01 9.4000e+01 8.4000e+01
2.0000e+00 6.0409e+00 2.0000e+00 1.0000e+00
2.0000e+00 5.5913e+00 2.0000e+00 1.0000e+00
2.0000e+00 6.2507e+00 1.8000e+01 9.0000e+00
1.3000e+01 1.4402e+01 1.5400e+02 1.6100e+02
3.5000e+01 2.4369e+01 3.9000e+02 4.3700e+02
2.0000e+00 5.9307e+00 8.0000e+00 4.0000e+00
2.9000e+01 2.2263e+01 2.4600e+02 2.5500e+02
1.5000e+01 1.5439e+01 9.2000e+01 9.0000e+01
1.2000e+01 1.5156e+01 7.8000e+01 7.5000e+01
2.2000e+01 1.8889e+01 2.3000e+02 2.2900e+02
2.0000e+00 6.0086e+00 1.8000e+01 9.0000e+00
3.0000e+00 6.7930e+00 1.4000e+01 9.0000e+00
5.0000e+00 9.6785e+00 3.4000e+01 2.6000e+01
6.0000e+00 9.4106e+00 6.6000e+01 6.6000e+01
2.4000e+01 1.7617e+01 1.9400e+02 2.2400e+02
1.4000e+01 1.5897e+01 1.4000e+02 1.5000e+02
2.0000e+00 4.7383e+00 3.2000e+01 1.6000e+01
1.0000e+01 1.1444e+01 9.8000e+01 1.1200e+02
3.0000e+00 9.2689e+00 6.0000e+00 4.0000e+00
8.0000e+00 1.1118e+01 5.6000e+01 5.9000e+01
3.0000e+00 8.5847e+00 2.4000e+01 1.6000e+01
2.0000e+00 5.1387e+00 8.0000e+00 4.0000e+00
2.0000e+00 5.6280e+00 1.8000e+01 9.0000e+00
2.0000e+00 5.8990e+00 1.8000e+01 9.0000e+00
2.0000e+00 6.7136e+00 2.0000e+00 1.0000e+00
2.0000e+00 5.9574e+00 8.0000e+00 4.0000e+00
2.0000e+00 4.5701e+00 3.2000e+01 1.6000e+01
3.0000e+00 7.4480e+00 1.4000e+01 9.0000e+00
3.0000e+00 8.1526e+00 1.4000e+01 9.0000e+00
4.0000e+00 7.9741e+00 5.4000e+01 4.1000e+01
2.0000e+00 5.0972e+00 1.8000e+01 9.0000e+00
2.0000e+00 4.4241e+00 3.2000e+01 1.6000e+01
2.0000e+00 8.4235e+00 2.0000e+00 1.0000e+00
2.0000e+00 6.7814e+00 2.0000e+00 1.0000e+00
2.0000e+00 5.4973e+00 8.0000e+00 4.0000e+00
2.0000e+00 4.4377e+00 3.2000e+01 1.6000e+01
4.0000e+00 9.0769e+00 3.0000e+01 2.2000e+01
3.0000e+00 7.2277e+00 4.2000e+01 2.5000e+01
3.0000e+00 6.4754e+00 6.0000e+00 4.0000e+00
3.0000e+00 7.0161e+00 1.4000e+01 9.0000e+00
3.0000e+00 1.0405e+01 2.6000e+01 1.6000e+01
2.0000e+00 5.4665e+00 8.0000e+00 4.0000e+00
4.0000e+00 6.7559e+00 6.6000e+01 5.2000e+01
2.0000e+00 5.5001e+00 8.0000e+00 4.0000e+00
3.0000e+00 8.7198e+00 1.4000e+01 9.0000e+00
2.0000e+00 5.5109e+00 8.0000e+00 4.0000e+00
2.0000e+00 6.7514e+00 2.0000e+00 1.0000e+00
1.3000e+01 1.7602e+01 1.1800e+02 1.1300e+02
8.0000e+00 1.1132e+01 5.6000e+01 5.1000e+01
4.7000e+01 2.5005e+01 4.6800e+02 5.0400e+02
2.0000e+00 4.9444e+00 8.0000e+00 4.0000e+00
2.0000e+00 4.2118e+00 1.8000e+01 9.0000e+00
1.3000e+01 1.3636e+01 9.0000e+01 8.6000e+01
4.0000e+00 9.3004e+00 2.0000e+01 1.5000e+01
5.0000e+00 8.5119e+00 7.4000e+01 7.7000e+01
2.0000e+00 7.2050e+00 2.0000e+00 1.0000e+00
4.0000e+00 1.2287e+01 2.0000e+01 1.5000e+01
8.0000e+00 9.2914e+00 5.6000e+01 5.8000e+01
3.6000e+01 1.7161e+01 3.7000e+02 4.5600e+02
4.0000e+00 9.0111e+00 3.8000e+01 3.0000e+01
2.0000e+00 5.7663e+00 1.8000e+01 9.0000e+00
2.0000e+00 4.5544e+00 1.8000e+01 9.0000e+00
4.0000e+00 1.1449e+01 1.8000e+01 1.4000e+01
3.8000e+01 1.9455e+01 3.4800e+02 4.1900e+02
1.8000e+01 1.8785e+01 1.8600e+02 1.9500e+02
6.0000e+00 9.9841e+00 4.8000e+01 3.8000e+01
3.0000e+00 6.7319e+00 2.4000e+01 1.6000e+01
5.0000e+00 9.1737e+00 3.4000e+01 3.4000e+01
9.0000e+00 1.1829e+01 8.2000e+01 9.4000e+01
3.0000e+00 8.0418e+00 2.6000e+01 1.6000e+01
2.0000e+00 5.5398e+00 1.8000e+01 9.0000e+00
6.0000e+00 1.0916e+01 4.6000e+01 4.4000e+01
2.0000e+00 4.4470e+00 1.8000e+01 9.0000e+00
2.0000e+00 5.0698e+00 8.0000e+00 4.0000e+00
8.0000e+00 1.0539e+01 7.2000e+01 6.8000e+01
2.0000e+00 5.2092e+00 1.8000e+01 9.0000e+00
2.0000e+00 5.0009e+00 3.2000e+01 1.6000e+01
5.0000e+00 1.2774e+01 3.4000e+01 2.8000e+01
2.0000e+00 5.8329e+00 8.0000e+00 4.0000e+00
2.0000e+00 5.8725e+00 8.0000e+00 4.0000e+00
2.0000e+00 5.6939e+00 8.0000e+00 4.0000e+00
2.0000e+00 8.1998e+00 2.0000e+00 1.0000e+00
5.0000e+00 9.8735e+00 4.6000e+01 3.8000e+01
2.0000e+00 5.8788e+00 1.8000e+01 9.0000e+00
2.0000e+00 5.5165e+00 8.0000e+00 4.0000e+00
5.0000e+00 7.9452e+00 5.8000e+01 4.8000e+01
2.0000e+00 4.5595e+00 1.8000e+01 9.0000e+00
2.0000e+00 5.4412e+00 8.0000e+00 4.0000e+00
2.0000e+00 4.8016e+00 1.8000e+01 9.0000e+00
2.0000e+00 4.6384e+00 1.8000e+01 9.0000e+00
