# Cluster size, Rg (nm), M1, M2
2.4000e+01 2.1164e+01 1.8600e+02 1.9700e+02
5.0000e+00 1.0205e+01 3.4000e+01 2.6000e+01
8.1000e+01 2.8789e+01 8.2600e+02 9.2200e+02
5.3000e+01 2.2443e+01 5.6600e+02 5.9900e+02
1.7000e+01 1.2442e+01 2.1200e+02 2.3400e+02
9.0000e+00 1.5615e+01 6.2000e+01 5.8000e+01
7.0000e+00 1.2898e+01 5.2000e+01 4.7000e+01
3.0000e+00 7.0371e+00 2.6000e+01 1.6000e+01
3.0000e+00 8.3774e+00 1.4000e+01 9.0000e+00
2.0000e+00 5.0548e+00 1.8000e+01 9.0000e+00
1.3000e+01 1.4807e+01 1.5800e+02 1.5300e+02
4.0000e+00 8.9884e+00 1.0000e+01 8.0000e+00
2.0000e+00 6.7496e+00 8.0000e+00 4.0000e+00
7.0000e+00 1.0927e+01 8.0000e+01 7.8000e+01
2.0000e+00 6.8649e+00 1.8000e+01 9.0000e+00
7.0000e+00 9.1455e+00 6.8000e+01 6.4000e+01
5.0000e+00 9.0101e+00 6.0000e+01 5.0000e+01
2.0000e+00 5.4686e+00 2.0000e+00 1.0000e+00
4.0000e+00 1.0993e+01 4.4000e+01 3.3000e+01
2.0000e+00 4.8721e+00 1.8000e+01 9.0000e+00
5.0000e+00 7.4431e+00 4.6000e+01 3.8000e+01
8.0000e+00 9.9060e+00 6.4000e+01 7.1000e+01
4.0000e+00 7.5909e+00 4.6000e+01 3.2000e+01
2.0000e+00 6.5938e+00 2.0000e+00 1.0000e+00
2.0000e+00 4.7238e+00 8.0000e+00 4.0000e+00
7.0000e+00 9.9044e+00 4.0000e+01 4.0000e+01
2.0000e+00 5.7292e+00 1.8000e+01 9.0000e+00
2.0000e+00 8.4934e+00 2.0000e+00 1.0000e+00
2.0000e+00 6.2928e+00 2.0000e+00 1.0000e+00
2.0000e+00 6.9665e+00 1.8000e+01 9.0000e+00
2.0000e+00 5.0704e+00 3.2000e+01 1.6000e+01
3.0000e+00 6.9781e+00 2.4000e+01 1.6000e+01
5.0000e+00 7.4225e+00 5.8000e+01 4.8000e+01
2.0000e+00 6.0653e+00 8.0000e+00 4.0000e+00
2.0000e+00 5.6480e+00 2.0000e+00 1.0000e+00
2.0000e+00 5.3965e+00 3.2000e+01 1.6000e+01
9.1000e+01 3.3324e+01 9.3800e+02 1.0890e+03
1.3000e+01 1.5324e+01 1.2400e+02 1.2500e+02
1.3000e+01 1.4395e+01 1.3000e+02 1.2700e+02
2.0000e+00 4.7822e+00 1.8000e+01 9.0000e+00
2.0000e+00 5.7426e+00 2.0000e+00 1.0000e+00
3.0000e+00 7.5059e+00 1.4000e+01 9.0000e+00
1.2000e+01 1.8782e+01 1.3800e+02 1.2300e+02
1.8000e+01 1.4655e+01 1.7400e+02 1.5800e+02
4.0000e+00 7.0102e+00 3.8000e+01 3.0000e+01
4.0000e+00 8.5315e+00 2.0000e+01 1.5000e+01
2.0000e+00 6.7261e+00 2.0000e+00 1.0000e+00
1.1000e+01 1.1578e+01 9.4000e+01 1.0300e+02
2.0000e+00 7.0447e+00 2.0000e+00 1.0000e+00
9.0000e+00 1.6014e+01 4.8000e+01 4.4000e+01
1.1000e+01 1.1808e+01 1.2600e+02 1.3500e+02
2.0000e+00 5.9502e+00 8.0000e+00 4.0000e+00
5.0000e+00 1.0959e+01 4.4000e+01 3.6000e+01
8.0000e+00 7.8480e+00 1.0200e+02 1.0900e+02
4.0000e+00 6.3244e+00 3.0000e+01 2.3000e+01
3.0000e+00 6.1514e+00 2.4000e+01 1.6000e+01
3.3000e+01 2.3591e+01 3.2600e+02 3.2100e+02
5.0000e+00 8.2803e+00 3.2000e+01 3.2000e+01
2.0000e+00 6.2848e+00 1.8000e+01 9.0000e+00
2.0000e+00 5.1337e+00 1.8000e+01 9.0000e+00
3.0000e+00 6.3219e+00 1.4000e+01 9.0000e+00
3.0000e+00 8.1202e+00 2.6000e+01 1.6000e+01
3.0000e+00 6.6574e+00 1.4000e+01 9.0000e+00
4.0000e+00 8.7536e+00 2.0000e+01 1.5000e+01
2.0000e+00 6.7118e+00 2.0000e+00 1.0000e+00
2.0000e+00 6.0385e+00 2.0000e+00 1.0000e+00
2.0000e+00 6.7790e+00 8.0000e+00 4.0000e+00
4.0000e+00 7.2631e+00 3.8000e+01 3.6000e+01
2.0000e+00 4.9562e+00 3.2000e+01 1.6000e+01
2.0000e+00 7.3314e+00 2.0000e+00 1.0000e+00
3.0000e+00 7.0720e+00 2.6000e+01 1.6000e+01
2.0000e+00 6.2353e+00 2.0000e+00 1.0000e+00
2.0000e+00 5.2354e+00 1.8000e+01 9.0000e+00
2.0000e+00 5.4033e+00 8.0000e+00 4.0000e+00
2.0000e+00 5.1906e+00 3.2000e+01 1.6000e+01
3.0000e+00 6.8506e+00 1.4000e+01 9.0000e+00
2.0000e+00 4.7789e+00 1.8000e+01 9.0000e+00
2.0000e+00 6.4973e+00 2.0000e+00 1.0000e+00
8.0000e+00 1.1266e+01 7.6000e+01 6.5000e+01
7.0000e+00 1.4350e+01 5.4000e+01 5.0000e+01
7.4000e+01 2.5939e+01 7.9200e+02 9.8200e+02
5.0000e+00 9.6119e+00 3.2000e+01 2.7000e+01
2.0000e+00 7.1908e+00 2.0000e+00 1.0000e+00
2.0000e+00 5.4954e+00 2.0000e+00 1.0000e+00
5.0000e+00 1.0883e+01 3.6000e+01 3.0000e+01
3.1000e+01 2.0178e+01 3.2000e+02 3.3300e+02
3.0000e+01 2.0128e+01 3.5200e+02 4.0900e+02
4.0000e+00 1.2810e+01 4.4000e+01 3.3000e+01
4.7000e+01 2.2030e+01 4.8200e+02 5.2200e+02
2.0000e+00 6.5544e+00 2.0000e+00 1.0000e+00
7.0000e+00 9.9424e+00 5.6000e+01 5.8000e+01
5.0000e+00 1.4171e+01 2.6000e+01 2.2000e+01
8.0000e+00 1.3748e+01 8.2000e+01 8.4000e+01
2.0000e+00 5.8457e+00 2.0000e+00 1.0000e+00
2.0000e+00 5.8698e+00 8.0000e+00 4.0000e+00
4.0000e+00 8.6736e+00 3.0000e+01 2.3000e+01
2.0000e+00 4.4238e+00 3.2000e+01 1.6000e+01
2.0000e+00 5.9656e+00 2.0000e+00 1.0000e+00
2.0000e+00 6.6748e+00 8.0000e+00 4.0000e+00
2.0000e+00 6.1162e+00 1.8000e+01 9.0000e+00
2.0000e+00 6.1979e+00 8.0000e+00 4.0000e+00
5.0000e+00 1.1537e+01 2.4000e+01 2.0000e+01
3.0000e+00 7.4952e+00 2.6000e+01 1.6000e+01
3.0000e+00 6.9170e+00 2.4000e+01 1.6000e+01
2.0000e+00 6.4658e+00 2.0000e+00 1.0000e+00
2.0000e+00 5.5217e+00 1.8000e+01 9.0000e+00
2.0000e+00 5.0386e+00 1.8000e+01 9.0000e+00
5.0000e+00 8.4523e+00 2.4000e+01 2.1000e+01
2.0000e+00 7.1603e+00 8.0000e+00 4.0000e+00
2.0000e+00 5.1155e+00 1.8000e+01 9.0000e+00
2.0000e+00 4.7804e+00 3.2000e+01 1.6000e+01
2.0000e+00 6.5048e+00 8.0000e+00 4.0000e+00
4.0000e+00 9.7400e+00 4.6000e+01 3.2000e+01
2.0000e+00 4.3698e+00 5.0000e+01 2.5000e+01
2.0000e+00 4.6052e+00 1.8000e+01 9.0000e+00
4.0000e+00 7.8973e+00 2.6000e+01 2.1000e+01
4.0000e+00 8.2898e+00 5.0000e+01 4.0000e+01
2.0000e+00 5.1596e+00 8.0000e+00 4.0000e+00
2.0000e+00 5.3102e+00 1.8000e+01 9.0000e+00
