# Cluster size, Rg (nm), M1, M2
5.5000e+01 2.4086e+01 5.9400e+02 6.6900e+02
2.0000e+00 7.1597e+00 2.0000e+00 1.0000e+00
8.0000e+00 1.4737e+01 6.6000e+01 5.8000e+01
2.0000e+00 4.8025e+00 3.2000e+01 1.6000e+01
3.0000e+00 7.3430e+00 2.6000e+01 1.6000e+01
8.2000e+01 2.5676e+01 8.6400e+02 1.0110e+03
1.1000e+01 1.1175e+01 9.6000e+01 9.6000e+01
3.5000e+01 2.7746e+01 3.6200e+02 3.8900e+02
7.0000e+00 1.2629e+01 5.2000e+01 4.5000e+01
6.0000e+00 9.2257e+00 3.4000e+01 3.3000e+01
2.0000e+00 5.0247e+00 1.8000e+01 9.0000e+00
8.0000e+00 1.5930e+01 4.0000e+01 3.9000e+01
1.0000e+01 1.5127e+01 6.0000e+01 6.9000e+01
3.0000e+00 8.9335e+00 1.4000e+01 9.0000e+00
4.0000e+00 9.7897e+00 3.4000e+01 2.5000e+01
2.0000e+00 5.7918e+00 1.8000e+01 9.0000e+00
3.0000e+00 6.4787e+00 2.6000e+01 1.6000e+01
2.0000e+00 6.9162e+00 8.0000e+00 4.0000e+00
1.3000e+01 1.6182e+01 1.0000e+02 1.0400e+02
1.8000e+01 1.6712e+01 1.5400e+02 1.5400e+02
2.0000e+00 5.0717e+00 1.8000e+01 9.0000e+00
2.0000e+00 5.7440e+00 1.8000e+01 9.0000e+00
2.0000e+00 5.7728e+00 3.2000e+01 1.6000e+01
5.0000e+00 7.7930e+00 3.8000e+01 3.2000e+01
2.0000e+00 5.2679e+00 3.2000e+01 1.6000e+01
8.0000e+00 1.2526e+01 8.2000e+01 7.2000e+01
2.0000e+00 5.3551e+00 3.2000e+01 1.6000e+01
2.0000e+00 6.6754e+00 8.0000e+00 4.0000e+00
4.0000e+00 6.7458e+00 2.2000e+01 1.6000e+01
2.0000e+00 8.0118e+00 2.0000e+00 1.0000e+00
2.0000e+00 6.1308e+00 1.8000e+01 9.0000e+00
2.0000e+00 4.6944e+00 1.8000e+01 9.0000e+00
2.2000e+01 1.8344e+01 2.1400e+02 2.1700e+02
1.1200e+02 3.2903e+01 1.0880e+03 1.2790e+03
4.0000e+01 2.5888e+01 3.3800e+02 3.5100e+02
7.0000e+00 1.4169e+01 2.4000e+01 2.2000e+01
3.0000e+00 8.4006e+00 6.0000e+00 4.0000e+00
3.0000e+00 1.0144e+01 1.4000e+01 9.0000e+00
1.2000e+01 1.4727e+01 9.8000e+01 9.3000e+01
3.0000e+00 6.8502e+00 1.4000e+01 9.0000e+00
4.0000e+00 8.9980e+00 3.4000e+01 2.4000e+01
2.0000e+00 4.7092e+00 1.8000e+01 9.0000e+00
3.0000e+00 8.4294e+00 1.4000e+01 9.0000e+00
4.0000e+00 8.5086e+00 1.8000e+01 1.4000e+01
4.0000e+00 7.2304e+00 4.6000e+01 3.2000e+01
1.8000e+01 1.6977e+01 1.7800e+02 2.0300e+02
2.0000e+00 5.0837e+00 1.8000e+01 9.0000e+00
2.0000e+00 5.7770e+00 1.8000e+01 9.0000e+00
7.0000e+00 1.0087e+01 7.4000e+01 7.8000e+01
3.0000e+00 8.4412e+00 1.4000e+01 9.0000e+00
6.0000e+00 1.3750e+01 7.0000e+01 6.6000e+01
7.0000e+00 1.2499e+01 8.8000e+01 7.7000e+01
3.0000e+00 6.0108e+00 3.8000e+01 2.5000e+01
5.0000e+00 7.8242e+00 3.4000e+01 2.6000e+01
2.0000e+00 5.6818e+00 8.0000e+00 4.0000e+00
6.0000e+00 8.1998e+00 3.6000e+01 3.0000e+01
2.0000e+00 5.6234e+00 8.0000e+00 4.0000e+00
2.0000e+00 9.9065e+00 2.0000e+00 1.0000e+00
4.0000e+00 7.9429e+00 5.4000e+01 4.1000e+01
2.0000e+00 5.0497e+00 8.0000e+00 4.0000e+00
4.0000e+00 8.2448e+00 3.0000e+01 2.2000e+01
4.0000e+00 7.6456e+00 2.2000e+01 1.6000e+01
2.0000e+00 6.1577e+00 1.8000e+01 9.0000e+00
2.0000e+00 6.5867e+00 8.0000e+00 4.0000e+00
2.0000e+00 5.3653e+00 8.0000e+00 4.0000e+00
2.0000e+00 5.5702e+00 1.8000e+01 9.0000e+00
2.0000e+00 4.9420e+00 8.0000e+00 4.0000e+00
8.8000e+01 2.6998e+01 9.4000e+02 1.1890e+03
9.0000e+00 1.2564e+01 5.8000e+01 5.3000e+01
1.8000e+01 1.8381e+01 1.8000e+02 1.9700e+02
5.4000e+01 2.3663e+01 6.3000e+02 7.3400e+02
3.0000e+00 9.1225e+00 2.4000e+01 1.6000e+01
1.3000e+01 1.5563e+01 1.6800e+02 1.7300e+02
9.0000e+00 1.0824e+01 7.4000e+01 7.9000e+01
9.0000e+00 1.0006e+01 1.1200e+02 1.3100e+02
5.0000e+00 7.9870e+00 3.4000e+01 3.4000e+01
1.8000e+01 1.9314e+01 1.3000e+02 1.2900e+02
8.0000e+00 1.1192e+01 8.6000e+01 8.8000e+01
4.0000e+00 7.1772e+00 2.6000e+01 2.1000e+01
5.0000e+00 1.0075e+01 3.2000e+01 2.7000e+01
5.0000e+00 1.0155e+01 3.4000e+01 2.8000e+01
3.0000e+00 8.4220e+00 2.6000e+01 1.6000e+01
3.0000e+00 6.7825e+00 2.6000e+01 1.6000e+01
6.0000e+00 9.5843e+00 3.8000e+01 4.1000e+01
2.0000e+00 5.1886e+00 1.8000e+01 9.0000e+00
2.0000e+00 6.1159e+00 8.0000e+00 4.0000e+00
2.0000e+00 6.7917e+00 2.0000e+00 1.0000e+00
3.0000e+00 9.7530e+00 1.4000e+01 9.0000e+00
7.0000e+00 1.1707e+01 6.4000e+01 5.7000e+01
2.0000e+00 5.7838e+00 1.8000e+01 9.0000e+00
2.0000e+00 5.0881e+00 1.8000e+01 9.0000e+00
2.0000e+00 6.5994e+00 8.0000e+00 4.0000e+00
2.0000e+00 5.4943e+00 1.8000e+01 9.0000e+00
3.0000e+00 8.9353e+00 2.6000e+01 1.6000e+01
2.0000e+00 7.3923e+00 8.0000e+00 4.0000e+00
2.0000e+00 6.0317e+00 1.8000e+01 9.0000e+00
2.0000e+00 5.0968e+00 1.8000e+01 9.0000e+00
2.0000e+00 4.2517e+00 5.0000e+01 2.5000e+01
