# Cluster size, Rg (nm), M1, M2
1.6000e+01 1.6518e+01 1.6800e+02 1.7500e+02
7.1000e+01 2.7898e+01 6.9600e+02 7.9200e+02
1.2000e+01 1.6858e+01 1.8800e+02 1.9700e+02
3.5000e+01 2.2013e+01 3.5800e+02 3.8600e+02
2.0000e+01 2.1908e+01 1.6200e+02 1.8300e+02
4.0000e+00 6.5049e+00 2.6000e+01 2.1000e+01
2.4000e+01 2.1152e+01 2.0800e+02 2.2500e+02
6.0000e+00 1.0416e+01 4.8000e+01 5.2000e+01
6.0000e+00 1.2043e+01 2.8000e+01 2.4000e+01
2.0000e+00 5.6263e+00 1.8000e+01 9.0000e+00
6.0000e+00 1.0464e+01 5.6000e+01 5.2000e+01
3.0000e+00 7.5449e+00 2.6000e+01 1.6000e+01
2.0000e+00 5.3741e+00 8.0000e+00 4.0000e+00
6.0000e+00 9.5634e+00 5.0000e+01 4.4000e+01
2.0000e+00 6.1521e+00 8.0000e+00 4.0000e+00
3.0000e+00 7.0003e+00 3.8000e+01 2.5000e+01
3.0000e+01 1.9338e+01 2.9600e+02 3.3200e+02
4.0000e+00 8.0751e+00 5.4000e+01 4.1000e+01
3.0000e+00 7.0340e+00 2.6000e+01 1.6000e+01
9.0000e+00 1.5966e+01 6.0000e+01 5.7000e+01
8.0000e+00 1.3697e+01 8.4000e+01 7.3000e+01
3.0000e+00 9.4113e+00 1.4000e+01 9.0000e+00
2.0000e+00 5.0501e+00 8.0000e+00 4.0000e+00
2.0000e+00 6.9490e+00 2.0000e+00 1.0000e+00
2.0000e+00 5.3752e+00 8.0000e+00 4.0000e+00
2.0000e+00 6.0700e+00 2.0000e+00 1.0000e+00
3.0000e+00 6.6384e+00 2.6000e+01 1.6000e+01
6.0000e+00 9.3337e+00 8.4000e+01 6.8000e+01
2.0000e+00 6.2273e+00 8.0000e+00 4.0000e+00
2.0000e+00 6.2596e+00 2.0000e+00 1.0000e+00
2.0000e+00 6.9730e+00 2.0000e+00 1.0000e+00
2.0000e+00 4.5579e+00 1.8000e+01 9.0000e+00
3.0000e+00 6.3184e+00 2.4000e+01 1.6000e+01
7.1000e+01 2.9875e+01 6.9600e+02 7.5800e+02
1.7000e+01 1.5582e+01 1.4200e+02 1.8400e+02
3.0000e+01 2.1961e+01 2.7200e+02 3.2500e+02
9.0000e+00 1.1508e+01 7.0000e+01 7.5000e+01
2.0000e+00 5.4446e+00 8.0000e+00 4.0000e+00
3.0000e+00 6.9385e+00 1.4000e+01 9.0000e+00
2.3000e+01 1.7315e+01 2.1200e+02 2.2600e+02
5.0000e+00 1.1262e+01 2.2000e+01 1.8000e+01
1.4000e+01 1.3339e+01 1.4200e+02 1.5900e+02
2.0000e+00 6.4452e+00 8.0000e+00 4.0000e+00
2.0000e+00 5.9368e+00 8.0000e+00 4.0000e+00
5.0000e+00 9.2999e+00 6.8000e+01 5.4000e+01
1.5000e+01 1.8826e+01 1.6600e+02 1.6800e+02
1.1000e+01 1.2045e+01 9.8000e+01 1.0500e+02
4.0000e+00 7.2213e+00 5.4000e+01 4.3000e+01
5.0000e+00 1.1318e+01 5.8000e+01 4.2000e+01
2.0000e+00 6.3189e+00 8.0000e+00 4.0000e+00
5.0000e+00 1.0605e+01 5.8000e+01 4.2000e+01
2.0000e+00 6.0631e+00 1.8000e+01 9.0000e+00
2.0000e+00 4.8351e+00 1.8000e+01 9.0000e+00
4.0000e+00 6.9570e+00 3.6000e+01 3.6000e+01
3.0000e+00 8.1077e+00 6.0000e+00 4.0000e+00
2.0000e+00 4.0618e+00 1.8000e+01 9.0000e+00
4.0000e+00 9.2773e+00 4.6000e+01 3.4000e+01
3.0000e+00 6.6622e+00 3.8000e+01 2.5000e+01
8.0000e+00 1.0680e+01 7.4000e+01 6.8000e+01
3.0000e+00 8.2251e+00 2.6000e+01 1.6000e+01
1.2000e+01 1.3164e+01 9.6000e+01 1.1000e+02
4.0000e+00 8.9414e+00 3.8000e+01 3.0000e+01
2.0000e+00 6.9230e+00 8.0000e+00 4.0000e+00
6.0000e+00 1.2112e+01 4.0000e+01 3.5000e+01
2.0000e+00 5.5052e+00 8.0000e+00 4.0000e+00
2.0000e+00 5.8060e+00 2.0000e+00 1.0000e+00
2.0000e+00 5.2799e+00 8.0000e+00 4.0000e+00
3.0000e+00 7.1151e+00 4.2000e+01 2.5000e+01
2.0000e+00 5.5769e+00 1.8000e+01 9.0000e+00
2.0000e+00 7.5148e+00 8.0000e+00 4.0000e+00
3.0000e+00 7.6303e+00 2.6000e+01 1.6000e+01
2.0000e+00 5.1692e+00 1.8000e+01 9.0000e+00
3.0000e+00 6.2487e+00 2.6000e+01 1.6000e+01
1.7000e+02 3.7319e+01 1.7280e+03 2.0290e+03
6.0000e+00 1.2280e+01 6.6000e+01 5.8000e+01
2.3000e+01 2.3408e+01 2.6600e+02 2.7900e+02
6.0000e+00 1.2067e+01 7.6000e+01 6.2000e+01
7.0000e+00 1.1269e+01 5.6000e+01 4.8000e+01
3.0000e+00 6.3767e+00 2.6000e+01 1.6000e+01
3.0000e+00 9.7012e+00 1.4000e+01 9.0000e+00
2.0000e+00 5.9613e+00 1.8000e+01 9.0000e+00
2.0000e+00 5.1146e+00 8.0000e+00 4.0000e+00
2.0000e+00 6.8014e+00 8.0000e+00 4.0000e+00
2.0000e+00 5.2351e+00 3.2000e+01 1.6000e+01
3.0000e+00 6.6813e+00 1.4000e+01 9.0000e+00
6.0000e+00 1.0954e+01 5.8000e+01 5.7000e+01
2.0000e+00 7.4880e+00 8.0000e+00 4.0000e+00
7.0000e+00 9.4263e+00 6.2000e+01 5.4000e+01
2.0000e+00 5.9421e+00 2.0000e+00 1.0000e+00
3.0000e+00 7.7368e+00 3.8000e+01 2.5000e+01
2.0000e+00 5.3682e+00 1.8000e+01 9.0000e+00
2.0000e+00 7.0475e+00 1.8000e+01 9.0000e+00
4.0000e+00 9.0403e+00 2.6000e+01 2.5000e+01
2.0000e+00 5.4132e+00 3.2000e+01 1.6000e+01
2.0000e+00 7.6263e+00 2.0000e+00 1.0000e+00
4.0000e+00 7.4672e+00 3.0000e+01 2.3000e+01
2.0000e+00 5.6842e+00 8.0000e+00 4.0000e+00
4.0000e+00 8.2919e+00 1.8000e+01 1.4000e+01
2.0000e+00 7.7168e+00 2.0000e+00 1.0000e+00
2.0000e+00 5.7276e+00 1.8000e+01 9.0000e+00
2.0000e+00 6.4550e+00 8.0000e+00 4.0000e+00
3.0000e+00 7.6250e+00 6.0000e+00 4.0000e+00
3.0000e+00 8.6790e+00 2.4000e+01 1.6000e+01
2.0000e+00 6.4336e+00 2.0000e+00 1.0000e+00
2.0000e+00 5.5640e+00 8.0000e+00 4.0000e+00
3.0000e+00 9.9092e+00 6.0000e+00 4.0000e+00
3.0000e+00 8.5369e+00 1.4000e+01 9.0000e+00
2.0000e+00 5.8309e+00 8.0000e+00 4.0000e+00
2.0000e+00 5.1956e+00 8.0000e+00 4.0000e+00
2.0000e+00 6.0911e+00 8.0000e+00 4.0000e+00
