# Cluster size, Rg (nm), M1, M2
9.0000e+00 1.1316e+01 7.2000e+01 8.5000e+01
2.0000e+00 5.6966e+00 8.0000e+00 4.0000e+00
2.1000e+01 2.1010e+01 1.6800e+02 1.8100e+02
3.8000e+01 2.8470e+01 2.9200e+02 3.2100e+02
2.0000e+00 6.4094e+00 2.0000e+00 1.0000e+00
2.0000e+00 9.1446e+00 8.0000e+00 4.0000e+00
3.0000e+00 7.1497e+00 1.4000e+01 9.0000e+00
5.0000e+00 9.1975e+00 4.8000e+01 4.7000e+01
3.0000e+00 6.5715e+00 1.4000e+01 9.0000e+00
7.1000e+01 3.0237e+01 6.7600e+02 7.7200e+02
1.7000e+01 1.4751e+01 1.5200e+02 1.5200e+02
7.0000e+00 1.2368e+01 6.8000e+01 6.0000e+01
3.0000e+00 8.7525e+00 2.4000e+01 1.6000e+01
6.0000e+00 1.1741e+01 3.8000e+01 3.6000e+01
2.0000e+00 5.1686e+00 1.8000e+01 9.0000e+00
4.0000e+00 8.4171e+00 3.8000e+01 3.0000e+01
3.0000e+00 6.9654e+00 2.6000e+01 1.6000e+01
5.0000e+00 9.2643e+00 4.2000e+01 3.5000e+01
7.0000e+00 9.5527e+00 6.4000e+01 5.3000e+01
5.0000e+00 1.2021e+01 2.4000e+01 2.0000e+01
4.0000e+00 8.7549e+00 3.6000e+01 2.5000e+01
2.0000e+00 5.1129e+00 8.0000e+00 4.0000e+00
1.5000e+01 1.6940e+01 1.3400e+02 1.5200e+02
2.0000e+00 5.8912e+00 8.0000e+00 4.0000e+00
2.0000e+00 4.7496e+00 1.8000e+01 9.0000e+00
9.0000e+00 8.8543e+00 1.1400e+02 1.5500e+02
2.0000e+00 6.7642e+00 8.0000e+00 4.0000e+00
7.0000e+00 1.0680e+01 5.2000e+01 4.5000e+01
2.0000e+00 7.6109e+00 1.8000e+01 9.0000e+00
2.0000e+00 6.8246e+00 2.0000e+00 1.0000e+00
2.0000e+00 5.2469e+00 1.8000e+01 9.0000e+00
2.0000e+00 4.8249e+00 8.0000e+00 4.0000e+00
2.0000e+00 5.4263e+00 8.0000e+00 4.0000e+00
3.0000e+00 5.3390e+00 3.8000e+01 2.5000e+01
2.0000e+00 7.6337e+00 8.0000e+00 4.0000e+00
2.0000e+00 7.8187e+00 2.0000e+00 1.0000e+00
2.0000e+00 6.9639e+00 8.0000e+00 4.0000e+00
2.0000e+00 5.0680e+00 1.8000e+01 9.0000e+00
2.0000e+00 7.4900e+00 8.0000e+00 4.0000e+00
2.0000e+00 5.3230e+00 1.8000e+01 9.0000e+00
2.0000e+00 6.5443e+00 1.8000e+01 9.0000e+00
2.0000e+00 5.8407e+00 8.0000e+00 4.0000e+00
2.0000e+00 4.9911e+00 8.0000e+00 4.0000e+00
2.0000e+00 6.3440e+00 8.0000e+00 4.0000e+00
2.0000e+00 6.8372e+00 8.0000e+00 4.0000e+00
2.0000e+00 5.4186e+00 1.8000e+01 9.0000e+00
2.0000e+00 5.4631e+00 8.0000e+00 4.0000e+00
2.0000e+00 5.3585e+00 8.0000e+00 4.0000e+00
2.0000e+00 4.9470e+00 3.2000e+01 1.6000e+01
2.0000e+00 5.8304e+00 2.0000e+00 1.0000e+00
2.0000e+00 8.9885e+00 8.0000e+00 4.0000e+00
9.0000e+00 1.3511e+01 8.4000e+01 8.3000e+01
1.4400e+02 3.5210e+01 1.4920e+03 1.6430e+03
3.0000e+00 7.4986e+00 1.4000e+01 9.0000e+00
2.0000e+00 7.0024e+00 8.0000e+00 4.0000e+00
4.0000e+00 9.1990e+00 3.0000e+01 2.2000e+01
1.3000e+01 1.7062e+01 9.2000e+01 8.8000e+01
2.0000e+01 1.7940e+01 2.0400e+02 2.1700e+02
2.0000e+00 5.5568e+00 8.0000e+00 4.0000e+00
8.0000e+00 1.1904e+01 1.2000e+02 1.2500e+02
5.0000e+00 1.1030e+01 3.4000e+01 2.6000e+01
9.0000e+00 1.2597e+01 9.2000e+01 9.9000e+01
3.0000e+00 7.7760e+00 6.0000e+00 4.0000e+00
4.0000e+00 7.5069e+00 2.6000e+01 2.5000e+01
2.0000e+00 5.8221e+00 5.0000e+01 2.5000e+01
9.0000e+00 1.1329e+01 7.6000e+01 8.0000e+01
5.0000e+00 8.8808e+00 7.4000e+01 7.1000e+01
3.0000e+00 6.4695e+00 2.6000e+01 1.6000e+01
2.0000e+00 5.6996e+00 8.0000e+00 4.0000e+00
3.0000e+00 8.7794e+00 1.4000e+01 9.0000e+00
1.8000e+01 1.8356e+01 1.4000e+02 1.5100e+02
2.0000e+00 6.0953e+00 8.0000e+00 4.0000e+00
4.0000e+00 6.7918e+00 3.6000e+01 3.6000e+01
2.0000e+00 6.4799e+00 2.0000e+00 1.0000e+00
5.0000e+00 9.3936e+00 3.0000e+01 2.4000e+01
6.0000e+00 8.8575e+00 2.0000e+01 1.8000e+01
3.0000e+00 6.1266e+00 1.4000e+01 9.0000e+00
6.0000e+00 9.5023e+00 6.8000e+01 7.1000e+01
2.0000e+00 4.7607e+00 1.8000e+01 9.0000e+00
2.0000e+00 5.6719e+00 1.8000e+01 9.0000e+00
2.0000e+00 5.8686e+00 2.0000e+00 1.0000e+00
2.0000e+00 6.1987e+00 2.0000e+00 1.0000e+00
2.0000e+00 6.3457e+00 8.0000e+00 4.0000e+00
3.6000e+01 2.1770e+01 4.0400e+02 4.5400e+02
6.0000e+01 2.2741e+01 6.6400e+02 7.9400e+02
5.0000e+00 1.0116e+01 4.8000e+01 3.8000e+01
7.0000e+00 1.1211e+01 7.0000e+01 6.4000e+01
1.4000e+01 1.3145e+01 1.6000e+02 1.9000e+02
4.0000e+00 8.1665e+00 4.4000e+01 3.3000e+01
1.5000e+01 1.3970e+01 1.4200e+02 1.6000e+02
1.4000e+01 1.5148e+01 1.1200e+02 1.1300e+02
1.4000e+01 1.8900e+01 1.6800e+02 1.7400e+02
5.0000e+00 1.1301e+01 4.6000e+01 3.8000e+01
9.0000e+00 1.2669e+01 1.3800e+02 1.3500e+02
8.0000e+00 1.1267e+01 5.6000e+01 5.7000e+01
2.0000e+00 5.8326e+00 8.0000e+00 4.0000e+00
4.0000e+00 9.1645e+00 1.8000e+01 1.4000e+01
2.0000e+00 5.5070e+00 1.8000e+01 9.0000e+00
6.0000e+00 9.3495e+00 7.0000e+01 6.2000e+01
4.0000e+00 9.4716e+00 1.8000e+01 1.4000e+01
9.0000e+00 1.2031e+01 8.4000e+01 8.8000e+01
4.0000e+00 7.9457e+00 3.8000e+01 3.0000e+01
2.0000e+00 4.8893e+00 1.8000e+01 9.0000e+00
3.0000e+00 6.1761e+00 2.4000e+01 1.6000e+01
4.0000e+00 8.7957e+00 1.8000e+01 1.4000e+01
2.0000e+00 5.0096e+00 1.8000e+01 9.0000e+00
2.0000e+00 7.6240e+00 8.0000e+00 4.0000e+00
2.0000e+00 5.0197e+00 8.0000e+00 4.0000e+00
4.0000e+00 7.7124e+00 4.0000e+01 3.6000e+01
3.0000e+00 6.8261e+00 2.4000e+01 1.6000e+01
2.0000e+00 6.7841e+00 8.0000e+00 4.0000e+00
4.0000e+00 9.9033e+00 3.0000e+01 2.3000e+01
3.0000e+00 7.9024e+00 1.4000e+01 9.0000e+00
2.0000e+00 4.8397e+00 1.8000e+01 9.0000e+00
2.0000e+00 5.9949e+00 8.0000e+00 4.0000e+00
6.0000e+00 1.0440e+01 4.8000e+01 3.8000e+01
2.0000e+00 6.1880e+00 8.0000e+00 4.0000e+00
1.0000e+01 1.3134e+01 6.0000e+01 5.5000e+01
2.0000e+00 6.0901e+00 2.0000e+00 1.0000e+00
2.0000e+00 7.2337e+00 8.0000e+00 4.0000e+00
2.0000e+00 5.7189e+00 8.0000e+00 4.0000e+00
2.0000e+00 4.8466e+00 1.8000e+01 9.0000e+00
3.0000e+00 6.4424e+00 1.4000e+01 9.0000e+00
4.0000e+00 7.9429e+00 1.2000e+01 9.0000e+00
2.0000e+00 6.2054e+00 8.0000e+00 4.0000e+00
