# Cluster size, Rg (nm), M1, M2
6.0000e+00 9.5733e+00 5.2000e+01 4.7000e+01
2.0000e+00 4.7395e+00 5.0000e+01 2.5000e+01
2.0000e+00 6.5712e+00 2.0000e+00 1.0000e+00
4.0000e+00 8.0288e+00 2.2000e+01 1.6000e+01
6.0000e+00 1.0877e+01 5.2000e+01 4.6000e+01
6.3000e+01 3.0219e+01 7.6400e+02 8.5700e+02
6.0000e+00 1.1608e+01 5.2000e+01 4.2000e+01
5.3000e+01 2.8754e+01 5.6200e+02 5.9800e+02
3.0000e+00 9.8567e+00 4.2000e+01 2.5000e+01
6.0000e+00 8.4610e+00 4.8000e+01 4.1000e+01
3.3000e+01 1.8289e+01 3.4600e+02 4.0600e+02
1.3000e+01 1.1347e+01 1.3400e+02 1.3500e+02
5.0000e+00 1.0012e+01 1.6000e+01 1.4000e+01
6.0000e+00 7.8786e+00 6.4000e+01 5.0000e+01
2.0000e+00 5.2357e+00 1.8000e+01 9.0000e+00
3.0000e+00 6.6443e+00 1.4000e+01 9.0000e+00
4.0000e+00 7.0824e+00 2.6000e+01 2.5000e+01
2.0000e+00 5.0213e+00 1.8000e+01 9.0000e+00
2.0000e+00 6.1671e+00 8.0000e+00 4.0000e+00
2.0000e+00 5.1605e+00 8.0000e+00 4.0000e+00
2.0000e+00 4.5899e+00 1.8000e+01 9.0000e+00
3.0000e+00 6.9759e+00 2.6000e+01 1.6000e+01
4.0000e+00 9.4914e+00 3.0000e+01 2.2000e+01
3.0000e+00 7.1007e+00 2.4000e+01 1.6000e+01
5.0000e+00 8.9893e+00 3.8000e+01 3.2000e+01
8.0000e+00 1.5677e+01 5.8000e+01 5.0000e+01
6.0000e+00 1.3044e+01 3.6000e+01 3.2000e+01
3.0000e+00 7.8758e+00 1.4000e+01 9.0000e+00
5.0000e+00 1.3541e+01 2.2000e+01 1.8000e+01
4.0000e+00 7.5783e+00 5.8000e+01 4.5000e+01
3.0000e+00 6.8112e+00 2.4000e+01 1.6000e+01
4.0000e+00 7.0476e+00 1.8000e+01 1.4000e+01
8.0000e+00 1.3248e+01 6.8000e+01 6.0000e+01
2.0000e+00 5.9587e+00 1.8000e+01 9.0000e+00
2.0000e+00 6.2204e+00 8.0000e+00 4.0000e+00
2.0000e+00 5.2766e+00 3.2000e+01 1.6000e+01
3.0000e+00 6.7316e+00 2.6000e+01 1.6000e+01
2.0000e+00 5.7194e+00 8.0000e+00 4.0000e+00
2.0000e+00 5.7711e+00 1.8000e+01 9.0000e+00
5.8000e+01 2.4496e+01 5.4400e+02 5.9800e+02
2.0000e+00 7.7112e+00 2.0000e+00 1.0000e+00
8.0000e+01 3.0692e+01 8.2400e+02 9.0700e+02
6.0000e+00 1.3871e+01 6.4000e+01 5.2000e+01
2.0000e+00 5.8511e+00 3.2000e+01 1.6000e+01
2.8000e+01 1.8475e+01 2.5800e+02 2.8000e+02
6.0000e+00 9.9954e+00 6.4000e+01 5.4000e+01
5.0000e+00 8.8729e+00 7.0000e+01 7.1000e+01
7.0000e+00 1.1172e+01 8.8000e+01 1.0300e+02
3.0000e+00 6.5992e+00 1.4000e+01 9.0000e+00
4.0000e+00 1.4481e+01 1.8000e+01 1.4000e+01
2.0000e+00 6.1051e+00 8.0000e+00 4.0000e+00
2.0000e+00 5.1177e+00 1.8000e+01 9.0000e+00
5.0000e+00 8.6080e+00 5.6000e+01 5.5000e+01
1.3000e+01 1.4326e+01 1.2600e+02 1.2400e+02
6.0000e+00 1.1848e+01 3.8000e+01 3.2000e+01
3.0000e+00 6.2357e+00 1.4000e+01 9.0000e+00
2.0000e+00 5.9810e+00 8.0000e+00 4.0000e+00
7.0000e+00 1.0940e+01 4.2000e+01 4.0000e+01
8.0000e+00 1.0525e+01 9.6000e+01 8.8000e+01
5.0000e+00 8.2343e+00 3.4000e+01 3.4000e+01
4.0000e+00 8.8702e+00 3.0000e+01 2.3000e+01
4.0000e+00 7.9670e+00 3.0000e+01 2.2000e+01
3.0000e+00 7.5953e+00 1.4000e+01 9.0000e+00
4.0000e+00 8.2761e+00 2.0000e+01 1.5000e+01
2.0000e+00 6.6251e+00 8.0000e+00 4.0000e+00
2.0000e+00 4.7542e+00 1.8000e+01 9.0000e+00
2.0000e+00 6.4541e+00 8.0000e+00 4.0000e+00
2.0000e+00 7.1981e+00 2.0000e+00 1.0000e+00
3.0000e+00 7.4583e+00 4.2000e+01 2.5000e+01
2.0000e+00 5.7490e+00 8.0000e+00 4.0000e+00
3.0000e+00 6.7371e+00 2.4000e+01 1.6000e+01
2.0000e+00 6.5961e+00 2.0000e+00 1.0000e+00
2.0000e+00 5.0053e+00 3.2000e+01 1.6000e+01
3.0000e+00 8.8855e+00 6.0000e+00 4.0000e+00
2.0000e+00 5.3317e+00 2.0000e+00 1.0000e+00
2.0000e+00 5.2251e+00 8.0000e+00 4.0000e+00
5.0000e+00 1.0463e+01 3.6000e+01 3.0000e+01
7.5000e+01 3.0113e+01 7.9400e+02 8.9500e+02
7.0000e+00 1.1988e+01 6.4000e+01 7.1000e+01
3.0000e+00 6.6314e+00 1.4000e+01 9.0000e+00
2.0000e+00 5.5695e+00 8.0000e+00 4.0000e+00
1.9000e+01 1.7104e+01 1.3800e+02 1.5100e+02
2.0000e+00 5.4854e+00 8.0000e+00 4.0000e+00
2.9000e+01 1.9996e+01 2.7800e+02 2.9900e+02
1.7000e+01 1.6348e+01 1.6200e+02 1.7800e+02
1.6000e+01 1.5441e+01 1.4000e+02 1.5200e+02
6.0000e+00 9.4601e+00 5.8000e+01 5.4000e+01
9.0000e+00 1.2445e+01 1.1200e+02 1.3200e+02
3.0000e+00 5.3834e+00 3.8000e+01 2.5000e+01
6.0000e+00 9.1037e+00 6.4000e+01 6.8000e+01
1.2000e+01 1.9306e+01 1.3000e+02 1.4800e+02
5.0000e+00 1.0001e+01 4.6000e+01 4.0000e+01
5.0000e+00 8.0043e+00 3.2000e+01 3.3000e+01
4.0000e+00 1.1167e+01 1.8000e+01 1.4000e+01
2.0000e+00 6.8729e+00 2.0000e+00 1.0000e+00
9.0000e+00 1.1995e+01 9.0000e+01 8.0000e+01
9.0000e+00 1.2161e+01 9.0000e+01 9.3000e+01
2.0000e+00 7.1910e+00 8.0000e+00 4.0000e+00
2.0000e+00 5.0059e+00 5.0000e+01 2.5000e+01
4.0000e+00 1.0442e+01 1.8000e+01 1.4000e+01
3.0000e+00 7.5718e+00 2.4000e+01 1.6000e+01
8.0000e+00 1.2277e+01 6.4000e+01 6.2000e+01
3.0000e+00 6.7790e+00 6.0000e+00 4.0000e+00
2.0000e+00 5.3060e+00 1.8000e+01 9.0000e+00
6.0000e+00 1.0098e+01 7.0000e+01 7.0000e+01
5.0000e+00 7.1260e+00 5.8000e+01 6.0000e+01
2.0000e+00 6.5152e+00 2.0000e+00 1.0000e+00
3.0000e+00 5.9334e+00 1.4000e+01 9.0000e+00
4.0000e+00 8.1800e+00 3.0000e+01 2.2000e+01
2.0000e+00 5.4492e+00 8.0000e+00 4.0000e+00
3.0000e+00 8.8473e+00 6.0000e+00 4.0000e+00
3.0000e+00 8.5994e+00 1.4000e+01 9.0000e+00
2.0000e+00 5.3629e+00 1.8000e+01 9.0000e+00
3.0000e+00 5.4257e+00 3.8000e+01 2.5000e+01
2.0000e+00 5.9495e+00 8.0000e+00 4.0000e+00
2.0000e+00 8.5357e+00 2.0000e+00 1.0000e+00
