# Cluster size, Rg (nm), M1, M2
4.6000e+01 3.3420e+01 4.7000e+02 4.8500e+02
8.0000e+00 1.1187e+01 6.8000e+01 6.9000e+01
3.2000e+01 2.1611e+01 3.0600e+02 3.6000e+02
1.4000e+01 1.4092e+01 1.0800e+02 1.2200e+02
9.0000e+00 1.2489e+01 1.1200e+02 9.5000e+01
4.0000e+00 7.7034e+00 1.8000e+01 1.4000e+01
7.0000e+00 1.2260e+01 4.8000e+01 4.4000e+01
6.0000e+00 8.4979e+00 6.4000e+01 6.4000e+01
2.0000e+00 6.7344e+00 8.0000e+00 4.0000e+00
3.6000e+01 2.0425e+01 4.0800e+02 5.4900e+02
1.9000e+01 1.7063e+01 2.4200e+02 2.5800e+02
2.0000e+00 5.2165e+00 8.0000e+00 4.0000e+00
1.7000e+01 1.6805e+01 1.7000e+02 1.8100e+02
4.0000e+00 7.3674e+00 3.6000e+01 3.6000e+01
2.8000e+01 2.1947e+01 2.7800e+02 3.2700e+02
2.0000e+00 5.4904e+00 1.8000e+01 9.0000e+00
2.0000e+00 6.3195e+00 8.0000e+00 4.0000e+00
2.0000e+00 5.7549e+00 1.8000e+01 9.0000e+00
2.0000e+00 5.7744e+00 2.0000e+00 1.0000e+00
6.0000e+00 1.0512e+01 7.4000e+01 7.0000e+01
2.0000e+00 7.5258e+00 2.0000e+00 1.0000e+00
2.0000e+00 5.5921e+00 2.0000e+00 1.0000e+00
3.0000e+00 6.9717e+00 3.8000e+01 2.5000e+01
2.0000e+00 6.5109e+00 8.0000e+00 4.0000e+00
4.0000e+00 8.9535e+00 5.8000e+01 4.5000e+01
2.0000e+00 6.1355e+00 8.0000e+00 4.0000e+00
3.0000e+00 7.5475e+00 6.0000e+00 4.0000e+00
2.0000e+00 4.7692e+00 1.8000e+01 9.0000e+00
4.0000e+00 6.0064e+00 6.6000e+01 6.4000e+01
4.0000e+00 9.5630e+00 3.0000e+01 2.2000e+01
2.0000e+00 6.3317e+00 1.8000e+01 9.0000e+00
2.0000e+00 4.2448e+00 5.0000e+01 2.5000e+01
3.0000e+00 7.1634e+00 6.0000e+00 4.0000e+00
2.0000e+00 4.9386e+00 1.8000e+01 9.0000e+00
2.0000e+00 6.7433e+00 1.8000e+01 9.0000e+00
2.0000e+00 5.8401e+00 1.8000e+01 9.0000e+00
3.0000e+00 9.4207e+00 1.4000e+01 9.0000e+00
4.0000e+00 8.3791e+00 1.8000e+01 1.4000e+01
2.0000e+00 5.7909e+00 8.0000e+00 4.0000e+00
2.0000e+00 6.8383e+00 1.8000e+01 9.0000e+00
2.0000e+00 5.1891e+00 8.0000e+00 4.0000e+00
2.0000e+00 5.3475e+00 2.0000e+00 1.0000e+00
7.2000e+01 2.7627e+01 8.0400e+02 1.0000e+03
2.0000e+00 5.7901e+00 1.8000e+01 9.0000e+00
1.3600e+02 3.7782e+01 1.3360e+03 1.4930e+03
4.0000e+00 9.6040e+00 1.8000e+01 1.4000e+01
3.0000e+00 7.1327e+00 2.4000e+01 1.6000e+01
2.0000e+00 5.2284e+00 1.8000e+01 9.0000e+00
5.0000e+00 8.8620e+00 7.0000e+01 7.3000e+01
3.0000e+00 7.4088e+00 2.6000e+01 1.6000e+01
3.0000e+00 9.2462e+00 1.4000e+01 9.0000e+00
2.0000e+00 6.1219e+00 2.0000e+00 1.0000e+00
9.0000e+00 1.0850e+01 1.1400e+02 9.4000e+01
3.0000e+00 6.8721e+00 2.4000e+01 1.6000e+01
5.0000e+00 8.0828e+00 5.8000e+01 5.8000e+01
7.0000e+00 1.2505e+01 8.8000e+01 7.7000e+01
2.0000e+00 5.3675e+00 1.8000e+01 9.0000e+00
2.0000e+00 5.2575e+00 8.0000e+00 4.0000e+00
2.0000e+00 4.4420e+00 5.0000e+01 2.5000e+01
2.0000e+00 4.3099e+00 3.2000e+01 1.6000e+01
3.0000e+00 7.3702e+00 2.6000e+01 1.6000e+01
4.0000e+00 1.1618e+01 1.8000e+01 1.4000e+01
3.0000e+00 9.3567e+00 1.4000e+01 9.0000e+00
2.0000e+00 5.0234e+00 3.2000e+01 1.6000e+01
2.0000e+00 8.1510e+00 8.0000e+00 4.0000e+00
5.0000e+00 1.1379e+01 3.4000e+01 3.0000e+01
4.0000e+00 9.4132e+00 4.0000e+01 3.6000e+01
2.0000e+00 8.4469e+00 2.0000e+00 1.0000e+00
2.0000e+00 6.5479e+00 2.0000e+00 1.0000e+00
4.0000e+00 7.5074e+00 4.4000e+01 3.3000e+01
2.0000e+00 5.2532e+00 8.0000e+00 4.0000e+00
2.0000e+00 6.6503e+00 1.8000e+01 9.0000e+00
3.0000e+00 7.4554e+00 2.4000e+01 1.6000e+01
2.0000e+00 6.9196e+00 8.0000e+00 4.0000e+00
8.0000e+00 1.1934e+01 7.4000e+01 6.0000e+01
3.0000e+00 7.2392e+00 1.4000e+01 9.0000e+00
5.1000e+01 2.7734e+01 4.2200e+02 4.7400e+02
2.3000e+01 1.6237e+01 1.7800e+02 1.6400e+02
6.0000e+00 7.5684e+00 5.6000e+01 4.8000e+01
2.7000e+01 2.1233e+01 2.4600e+02 2.5400e+02
7.0000e+00 1.2678e+01 6.8000e+01 5.7000e+01
3.0000e+00 7.5488e+00 2.4000e+01 1.6000e+01
3.0000e+00 7.6519e+00 1.4000e+01 9.0000e+00
5.0000e+00 8.7878e+00 6.4000e+01 5.3000e+01
4.0000e+00 8.1930e+00 4.0000e+01 3.2000e+01
1.7000e+01 1.7188e+01 1.8000e+02 2.0900e+02
1.2000e+01 1.3061e+01 1.0800e+02 1.1000e+02
2.0000e+00 5.6448e+00 1.8000e+01 9.0000e+00
4.0000e+00 1.0455e+01 3.0000e+01 2.2000e+01
1.7000e+01 1.6618e+01 1.3000e+02 1.4400e+02
7.0000e+00 1.0413e+01 6.4000e+01 7.3000e+01
4.0000e+00 7.0643e+00 3.0000e+01 2.2000e+01
3.0000e+00 7.8417e+00 1.4000e+01 9.0000e+00
3.0000e+00 8.7706e+00 1.4000e+01 9.0000e+00
2.0000e+00 4.9624e+00 2.0000e+00 1.0000e+00
4.0000e+00 6.6940e+00 3.8000e+01 3.6000e+01
4.0000e+00 9.6301e+00 1.8000e+01 1.4000e+01
3.0000e+00 7.2037e+00 6.0000e+00 4.0000e+00
4.0000e+00 1.0481e+01 3.0000e+01 2.2000e+01
4.0000e+00 7.6226e+00 3.0000e+01 2.2000e+01
2.0000e+00 5.9196e+00 8.0000e+00 4.0000e+00
2.0000e+00 6.1076e+00 1.8000e+01 9.0000e+00
2.0000e+00 8.3041e+00 2.0000e+00 1.0000e+00
2.0000e+00 5.4014e+00 3.2000e+01 1.6000e+01
2.0000e+00 4.8498e+00 1.8000e+01 9.0000e+00
2.0000e+00 5.0972e+00 8.0000e+00 4.0000e+00
2.0000e+00 5.1417e+00 8.0000e+00 4.0000e+00
3.0000e+00 6.0039e+00 2.6000e+01 1.6000e+01
7.0000e+00 9.2889e+00 8.8000e+01 9.1000e+01
7.0000e+00 1.0472e+01 4.4000e+01 4.0000e+01
2.0000e+00 6.8274e+00 8.0000e+00 4.0000e+00
2.0000e+00 4.7080e+00 8.0000e+00 4.0000e+00
3.0000e+00 7.5253e+00 2.6000e+01 1.6000e+01
2.0000e+00 7.1946e+00 2.0000e+00 1.0000e+00
3.0000e+00 7.0865e+00 2.6000e+01 1.6000e+01
3.0000e+00 7.3141e+00 1.4000e+01 9.0000e+00
3.0000e+00 6.4958e+00 1.4000e+01 9.0000e+00
2.0000e+00 5.3428e+00 8.0000e+00 4.0000e+00
3.0000e+00 7.6528e+00 2.6000e+01 1.6000e+01
2.0000e+00 6.9738e+00 8.0000e+00 4.0000e+00
4.0000e+00 7.2923e+00 3.0000e+01 2.3000e+01
2.0000e+00 6.1919e+00 8.0000e+00 4.0000e+00
2.0000e+00 6.0829e+00 8.0000e+00 4.0000e+00
2.0000e+00 6.2126e+00 8.0000e+00 4.0000e+00
2.0000e+00 5.2253e+00 1.8000e+01 9.0000e+00
