# Cluster size, Rg (nm), M1, M2
2.6000e+01 1.7620e+01 3.1200e+02 3.1900e+02
2.0000e+00 5.5358e+00 1.8000e+01 9.0000e+00
1.2100e+02 3.4868e+01 1.2500e+03 1.4090e+03
6.0000e+00 9.8753e+00 6.2000e+01 5.2000e+01
1.1000e+01 1.4588e+01 6.8000e+01 6.6000e+01
2.0000e+00 4.4711e+00 8.0000e+00 4.0000e+00
9.0000e+00 9.4878e+00 9.4000e+01 1.1600e+02
7.0000e+00 1.0677e+01 7.6000e+01 6.2000e+01
8.0000e+00 1.1124e+01 8.8000e+01 7.9000e+01
4.0000e+00 9.1558e+00 4.0000e+01 3.2000e+01
3.0000e+00 6.1859e+00 2.6000e+01 1.6000e+01
3.0000e+00 6.5483e+00 1.4000e+01 9.0000e+00
2.0000e+00 5.6255e+00 3.2000e+01 1.6000e+01
1.4000e+01 1.1436e+01 1.6400e+02 1.8300e+02
8.0000e+00 1.0237e+01 7.2000e+01 6.7000e+01
5.0000e+00 1.2239e+01 2.6000e+01 2.2000e+01
7.0000e+00 9.7284e+00 9.6000e+01 1.2200e+02
4.0000e+00 8.8498e+00 2.0000e+01 1.5000e+01
4.0000e+00 8.8836e+00 3.0000e+01 2.2000e+01
3.0000e+00 6.4401e+00 4.2000e+01 2.5000e+01
1.3000e+01 1.4338e+01 1.0400e+02 1.0400e+02
4.0000e+00 7.0300e+00 2.6000e+01 2.5000e+01
6.0000e+00 9.9975e+00 5.6000e+01 5.2000e+01
3.0000e+00 8.1430e+00 1.4000e+01 9.0000e+00
2.0000e+00 5.7594e+00 1.8000e+01 9.0000e+00
2.0000e+00 4.8626e+00 3.2000e+01 1.6000e+01
3.0000e+00 7.9721e+00 1.4000e+01 9.0000e+00
2.0000e+00 5.4426e+00 1.8000e+01 9.0000e+00
2.0000e+00 6.4985e+00 1.8000e+01 9.0000e+00
2.0000e+00 5.5241e+00 1.8000e+01 9.0000e+00
2.0000e+00 5.5164e+00 1.8000e+01 9.0000e+00
2.0000e+00 4.6545e+00 3.2000e+01 1.6000e+01
2.0000e+00 5.5157e+00 8.0000e+00 4.0000e+00
4.0000e+00 8.1818e+00 1.8000e+01 1.4000e+01
2.0000e+00 5.7438e+00 1.8000e+01 9.0000e+00
9.0000e+00 1.1169e+01 8.4000e+01 7.9000e+01
1.4000e+01 1.3937e+01 1.8200e+02 1.9000e+02
1.2000e+01 1.6893e+01 7.6000e+01 8.5000e+01
5.9000e+01 2.7326e+01 5.8600e+02 6.9300e+02
2.1000e+01 1.6513e+01 1.7600e+02 2.0100e+02
5.0000e+00 7.6090e+00 5.8000e+01 4.8000e+01
3.0000e+00 6.2342e+00 2.6000e+01 1.6000e+01
2.0000e+00 4.9651e+00 1.8000e+01 9.0000e+00
5.0000e+00 8.9045e+00 2.4000e+01 2.0000e+01
8.0000e+00 1.1989e+01 6.2000e+01 5.8000e+01
1.1000e+01 1.0808e+01 1.2200e+02 1.4400e+02
2.0000e+00 5.6517e+00 2.0000e+00 1.0000e+00
8.0000e+00 9.2442e+00 9.8000e+01 9.0000e+01
1.1000e+01 1.6551e+01 1.3000e+02 1.1800e+02
2.0000e+00 5.8120e+00 8.0000e+00 4.0000e+00
1.4000e+01 1.2304e+01 1.3600e+02 1.3400e+02
1.0000e+01 1.5369e+01 1.0200e+02 1.0000e+02
9.0000e+00 1.2030e+01 6.4000e+01 6.3000e+01
2.0000e+00 7.4347e+00 2.0000e+00 1.0000e+00
9.0000e+00 1.3990e+01 1.1400e+02 1.1100e+02
2.0000e+00 4.8942e+00 1.8000e+01 9.0000e+00
6.0000e+00 9.5057e+00 7.0000e+01 6.0000e+01
2.0000e+00 5.3088e+00 1.8000e+01 9.0000e+00
5.0000e+00 1.2614e+01 3.4000e+01 2.6000e+01
4.0000e+00 8.8431e+00 4.0000e+01 3.2000e+01
3.0000e+00 8.0098e+00 2.6000e+01 1.6000e+01
1.1000e+01 1.8396e+01 1.1000e+02 1.0600e+02
4.0000e+00 7.3942e+00 3.4000e+01 2.4000e+01
5.0000e+00 9.0121e+00 4.2000e+01 3.5000e+01
2.0000e+00 5.5331e+00 2.0000e+00 1.0000e+00
2.0000e+00 5.5129e+00 1.8000e+01 9.0000e+00
2.0000e+00 6.6647e+00 8.0000e+00 4.0000e+00
2.0000e+00 6.7365e+00 1.8000e+01 9.0000e+00
2.0000e+00 4.6610e+00 3.2000e+01 1.6000e+01
3.0000e+00 6.7439e+00 2.6000e+01 1.6000e+01
3.0000e+00 5.8632e+00 4.2000e+01 2.5000e+01
4.0000e+00 7.8221e+00 1.8000e+01 1.4000e+01
3.0000e+00 7.8055e+00 2.4000e+01 1.6000e+01
3.0000e+00 7.8712e+00 6.0000e+00 4.0000e+00
2.0000e+00 5.4427e+00 1.8000e+01 9.0000e+00
3.0000e+00 6.7033e+00 1.4000e+01 9.0000e+00
2.0000e+00 6.3454e+00 8.0000e+00 4.0000e+00
2.0000e+00 4.3713e+00 3.2000e+01 1.6000e+01
2.0000e+00 9.5683e+00 2.0000e+00 1.0000e+00
2.0000e+00 5.1533e+00 1.8000e+01 9.0000e+00
2.0000e+00 4.7759e+00 2.0000e+00 1.0000e+00
2.0000e+00 6.1326e+00 8.0000e+00 4.0000e+00
4.2000e+01 2.3911e+01 3.3200e+02 3.6800e+02
5.0000e+00 1.0084e+01 2.6000e+01 2.2000e+01
6.0000e+00 1.1625e+01 5.6000e+01 4.8000e+01
2.0000e+00 5.2589e+00 1.8000e+01 9.0000e+00
3.0000e+00 7.1982e+00 1.4000e+01 9.0000e+00
6.0000e+00 1.0632e+01 6.4000e+01 5.5000e+01
3.0000e+00 6.5836e+00 2.4000e+01 1.6000e+01
3.0000e+00 9.2992e+00 2.6000e+01 1.6000e+01
5.0000e+00 1.2653e+01 3.8000e+01 3.0000e+01
4.1000e+01 2.2580e+01 3.9800e+02 4.3400e+02
3.0000e+00 6.8937e+00 3.8000e+01 2.5000e+01
3.0000e+00 8.7016e+00 6.0000e+00 4.0000e+00
2.0000e+00 5.2778e+00 8.0000e+00 4.0000e+00
6.0000e+00 8.5260e+00 5.8000e+01 6.0000e+01
1.4000e+01 1.2942e+01 1.3800e+02 1.6300e+02
1.0000e+01 1.0872e+01 8.8000e+01 7.7000e+01
1.0000e+01 1.5177e+01 7.2000e+01 6.3000e+01
6.0000e+00 9.6756e+00 4.6000e+01 3.8000e+01
1.9000e+01 1.5712e+01 2.5600e+02 2.6100e+02
2.1000e+01 1.6162e+01 1.8600e+02 1.8800e+02
1.0000e+01 9.3499e+00 7.6000e+01 8.1000e+01
4.0000e+00 7.9556e+00 3.8000e+01 3.0000e+01
7.0000e+00 1.0023e+01 8.4000e+01 7.7000e+01
4.0000e+00 8.7652e+00 3.8000e+01 3.0000e+01
2.0000e+00 5.4620e+00 1.8000e+01 9.0000e+00
3.0000e+00 8.1968e+00 1.4000e+01 9.0000e+00
1.1000e+01 1.3989e+01 1.5200e+02 1.8400e+02
2.0000e+00 4.3752e+00 3.2000e+01 1.6000e+01
2.0000e+00 5.1148e+00 8.0000e+00 4.0000e+00
3.0000e+00 7.8813e+00 2.4000e+01 1.6000e+01
3.0000e+00 7.2882e+00 1.4000e+01 9.0000e+00
5.0000e+00 1.5488e+01 3.0000e+01 2.4000e+01
2.0000e+00 7.0316e+00 8.0000e+00 4.0000e+00
2.0000e+00 5.4168e+00 1.8000e+01 9.0000e+00
3.0000e+00 5.9372e+00 2.4000e+01 1.6000e+01
2.0000e+00 5.0710e+00 8.0000e+00 4.0000e+00
4.0000e+00 7.3930e+00 5.0000e+01 4.9000e+01
2.0000e+00 4.2881e+00 3.2000e+01 1.6000e+01
2.0000e+00 6.8979e+00 8.0000e+00 4.0000e+00
2.0000e+00 5.3881e+00 1.8000e+01 9.0000e+00
2.0000e+00 1.0459e+01 2.0000e+00 1.0000e+00
2.0000e+00 6.7769e+00 8.0000e+00 4.0000e+00
3.0000e+00 7.1337e+00 2.4000e+01 1.6000e+01
2.0000e+00 4.8024e+00 8.0000e+00 4.0000e+00
2.0000e+00 6.1746e+00 2.0000e+00 1.0000e+00
2.0000e+00 5.6411e+00 3.2000e+01 1.6000e+01
