# Cluster size, Rg (nm), M1, M2
1.0000e+01 1.1712e+01 9.0000e+01 9.0000e+01
3.0000e+00 1.0288e+01 6.0000e+00 4.0000e+00
2.0000e+00 5.1186e+00 1.8000e+01 9.0000e+00
4.0000e+00 9.9945e+00 3.0000e+01 2.3000e+01
2.7000e+01 1.8717e+01 2.9800e+02 3.2700e+02
2.3000e+01 1.6136e+01 3.0000e+02 3.3300e+02
2.0000e+00 6.3540e+00 2.0000e+00 1.0000e+00
2.0000e+00 6.0979e+00 8.0000e+00 4.0000e+00
8.0000e+00 1.4082e+01 5.6000e+01 5.6000e+01
2.0000e+00 5.8483e+00 1.8000e+01 9.0000e+00
9.0000e+00 1.5944e+01 5.2000e+01 4.7000e+01
4.0000e+00 7.9315e+00 2.0000e+01 1.5000e+01
3.0000e+01 2.3750e+01 2.8000e+02 2.8200e+02
1.8000e+01 2.1020e+01 1.0800e+02 1.0900e+02
4.0000e+00 7.9124e+00 1.0000e+01 8.0000e+00
1.1000e+01 1.5341e+01 1.2600e+02 1.1600e+02
1.1000e+01 1.5791e+01 7.0000e+01 6.7000e+01
6.0000e+00 8.4432e+00 7.4000e+01 8.6000e+01
4.0000e+00 8.7105e+00 2.2000e+01 1.6000e+01
4.0000e+00 9.9238e+00 3.0000e+01 2.3000e+01
3.0000e+00 7.8866e+00 1.4000e+01 9.0000e+00
1.4000e+01 1.0727e+01 1.3200e+02 1.4800e+02
2.3000e+01 1.5639e+01 2.4200e+02 2.6000e+02
4.0000e+00 9.9524e+00 1.0000e+01 8.0000e+00
3.0000e+00 7.4338e+00 2.6000e+01 1.6000e+01
1.1000e+01 1.6468e+01 1.0000e+02 9.8000e+01
5.0000e+00 8.6059e+00 2.2000e+01 1.8000e+01
2.0000e+00 5.2332e+00 1.8000e+01 9.0000e+00
3.0000e+00 6.2676e+00 2.6000e+01 1.6000e+01
2.0000e+00 5.8793e+00 8.0000e+00 4.0000e+00
7.0000e+00 1.1436e+01 6.6000e+01 6.8000e+01
3.0000e+00 8.0444e+00 1.4000e+01 9.0000e+00
3.0000e+00 6.9860e+00 2.4000e+01 1.6000e+01
2.0000e+00 4.9951e+00 3.2000e+01 1.6000e+01
5.0000e+00 9.5244e+00 6.0000e+01 6.1000e+01
3.0000e+00 7.1573e+00 1.4000e+01 9.0000e+00
2.0000e+00 6.1074e+00 2.0000e+00 1.0000e+00
2.0000e+00 5.5074e+00 8.0000e+00 4.0000e+00
4.0000e+00 8.9327e+00 1.8000e+01 1.4000e+01
2.0000e+00 6.2403e+00 1.8000e+01 9.0000e+00
2.0000e+00 5.4724e+00 3.2000e+01 1.6000e+01
2.0000e+00 6.0587e+00 8.0000e+00 4.0000e+00
2.0000e+00 5.2099e+00 1.8000e+01 9.0000e+00
2.0000e+00 5.1467e+00 1.8000e+01 9.0000e+00
2.0000e+00 5.3370e+00 8.0000e+00 4.0000e+00
2.0000e+00 6.5761e+00 8.0000e+00 4.0000e+00
1.4000e+01 1.6413e+01 1.1400e+02 1.0500e+02
5.0000e+00 9.0800e+00 5.4000e+01 4.4000e+01
1.3000e+01 1.3304e+01 9.6000e+01 8.9000e+01
2.8000e+01 2.2716e+01 2.7200e+02 2.9500e+02
1.7000e+01 1.6812e+01 2.0400e+02 2.1100e+02
2.8000e+01 2.1641e+01 2.7800e+02 2.7800e+02
7.0000e+00 1.0003e+01 6.4000e+01 5.8000e+01
4.0000e+00 1.0596e+01 5.4000e+01 4.1000e+01
3.0000e+00 8.5608e+00 2.6000e+01 1.6000e+01
2.0000e+00 5.5791e+00 1.8000e+01 9.0000e+00
3.1000e+01 1.9371e+01 2.4000e+02 2.5700e+02
3.0000e+00 6.0737e+00 2.6000e+01 1.6000e+01
2.0000e+00 5.3276e+00 1.8000e+01 9.0000e+00
7.0000e+00 1.3353e+01 4.2000e+01 3.6000e+01
7.0000e+00 1.4841e+01 2.2000e+01 2.0000e+01
8.0000e+00 1.4122e+01 5.4000e+01 5.9000e+01
2.0000e+00 6.0946e+00 2.0000e+00 1.0000e+00
3.0000e+00 7.8066e+00 2.6000e+01 1.6000e+01
3.0000e+00 7.0819e+00 2.6000e+01 1.6000e+01
7.0000e+00 1.4197e+01 4.8000e+01 4.2000e+01
3.0000e+00 6.5052e+00 2.6000e+01 1.6000e+01
8.0000e+00 1.0552e+01 9.0000e+01 9.0000e+01
4.0000e+00 1.0707e+01 2.0000e+01 1.5000e+01
8.0000e+00 8.5316e+00 8.8000e+01 8.9000e+01
2.0000e+00 5.2224e+00 8.0000e+00 4.0000e+00
2.0000e+00 4.7950e+00 2.0000e+00 1.0000e+00
3.0000e+00 6.6093e+00 1.4000e+01 9.0000e+00
2.0000e+00 7.0338e+00 8.0000e+00 4.0000e+00
1.2000e+01 1.1905e+01 1.2800e+02 1.2700e+02
2.0000e+00 4.4450e+00 1.8000e+01 9.0000e+00
4.0000e+00 8.8086e+00 4.6000e+01 3.4000e+01
2.0000e+00 6.8270e+00 2.0000e+00 1.0000e+00
2.0000e+00 5.3691e+00 1.8000e+01 9.0000e+00
5.0000e+00 9.3422e+00 3.4000e+01 3.4000e+01
2.0000e+00 6.4646e+00 8.0000e+00 4.0000e+00
2.0000e+00 5.0273e+00 3.2000e+01 1.6000e+01
4.0000e+00 8.6129e+00 3.8000e+01 3.0000e+01
2.0000e+00 9.7781e+00 2.0000e+00 1.0000e+00
2.0000e+00 6.0232e+00 1.8000e+01 9.0000e+00
4.0000e+00 8.1006e+00 3.4000e+01 2.4000e+01
4.0000e+00 9.2294e+00 5.4000e+01 4.1000e+01
5.0000e+00 1.2128e+01 3.2000e+01 2.7000e+01
3.0000e+00 8.5426e+00 1.4000e+01 9.0000e+00
2.0000e+00 6.3050e+00 1.8000e+01 9.0000e+00
4.0000e+00 6.7636e+00 3.8000e+01 3.0000e+01
2.0000e+00 5.1337e+00 1.8000e+01 9.0000e+00
5.0000e+00 9.2492e+00 7.0000e+01 5.0000e+01
2.0000e+00 6.3871e+00 8.0000e+00 4.0000e+00
2.0000e+00 5.1109e+00 1.8000e+01 9.0000e+00
2.0000e+00 4.8808e+00 1.8000e+01 9.0000e+00
2.0000e+00 7.2319e+00 2.0000e+00 1.0000e+00
7.0000e+00 1.2671e+01 4.4000e+01 4.1000e+01
6.5000e+01 2.9330e+01 6.9800e+02 7.4500e+02
2.0000e+00 6.9464e+00 8.0000e+00 4.0000e+00
7.0000e+00 1.2203e+01 4.2000e+01 4.0000e+01
9.0000e+00 1.3711e+01 8.4000e+01 8.7000e+01
5.0000e+00 1.0125e+01 4.2000e+01 3.5000e+01
1.7000e+01 1.8248e+01 1.6400e+02 1.7600e+02
4.0000e+00 8.7625e+00 3.0000e+01 2.2000e+01
2.0000e+00 7.1503e+00 8.0000e+00 4.0000e+00
3.7000e+01 2.1328e+01 3.5400e+02 3.7000e+02
3.0000e+00 6.3207e+00 6.0000e+00 4.0000e+00
3.0000e+00 9.5896e+00 1.4000e+01 9.0000e+00
2.8000e+01 2.3797e+01 2.6200e+02 2.8900e+02
6.0000e+00 1.1111e+01 6.6000e+01 6.8000e+01
7.0000e+00 8.8983e+00 5.4000e+01 4.8000e+01
4.0000e+00 8.0457e+00 2.2000e+01 1.6000e+01
2.0000e+00 5.8637e+00 8.0000e+00 4.0000e+00
6.0000e+00 9.0340e+00 7.0000e+01 7.0000e+01
3.0000e+00 7.6896e+00 1.4000e+01 9.0000e+00
3.0000e+00 5.6253e+00 3.8000e+01 2.5000e+01
2.0000e+00 5.5318e+00 5.0000e+01 2.5000e+01
3.0000e+00 8.0446e+00 2.6000e+01 1.6000e+01
2.0000e+00 5.2900e+00 3.2000e+01 1.6000e+01
1.2000e+01 1.4311e+01 1.3200e+02 1.2800e+02
6.0000e+00 1.2274e+01 7.2000e+01 7.4000e+01
2.0000e+00 5.3687e+00 2.0000e+00 1.0000e+00
2.0000e+00 7.7429e+00 2.0000e+00 1.0000e+00
3.0000e+00 8.5015e+00 2.6000e+01 1.6000e+01
4.0000e+00 6.9806e+00 5.8000e+01 4.5000e+01
2.0000e+00 4.9390e+00 1.8000e+01 9.0000e+00
4.0000e+00 7.5588e+00 4.0000e+01 3.2000e+01
9.0000e+00 1.3070e+01 4.4000e+01 4.1000e+01
2.0000e+00 4.8814e+00 8.0000e+00 4.0000e+00
2.0000e+00 5.8947e+00 1.8000e+01 9.0000e+00
6.0000e+00 1.3561e+01 9.0000e+01 6.4000e+01
2.0000e+00 5.3672e+00 8.0000e+00 4.0000e+00
3.0000e+00 1.1367e+01 2.6000e+01 1.6000e+01
4.0000e+00 1.3027e+01 3.0000e+01 2.2000e+01
2.0000e+00 4.7362e+00 8.0000e+00 4.0000e+00
2.0000e+00 5.6094e+00 1.8000e+01 9.0000e+00
2.0000e+00 7.1285e+00 8.0000e+00 4.0000e+00
2.0000e+00 5.8043e+00 2.0000e+00 1.0000e+00
3.0000e+00 8.5800e+00 1.4000e+01 9.0000e+00
