# Cluster size, Rg (nm), M1, M2
7.3000e+01 2.8370e+01 7.7200e+02 8.7500e+02
1.4000e+01 1.3626e+01 1.3400e+02 1.4000e+02
7.0000e+00 1.2464e+01 5.4000e+01 4.8000e+01
1.6000e+01 1.3758e+01 1.3200e+02 1.3100e+02
3.1000e+01 2.4946e+01 3.1600e+02 3.4000e+02
2.1000e+01 2.1474e+01 1.9400e+02 2.1300e+02
1.7000e+01 2.0475e+01 1.1000e+02 1.0600e+02
2.0000e+00 4.9017e+00 1.8000e+01 9.0000e+00
7.0000e+00 1.3109e+01 5.4000e+01 4.4000e+01
4.0000e+00 1.0702e+01 3.0000e+01 2.3000e+01
1.7000e+01 1.4996e+01 1.6600e+02 1.5700e+02
6.0000e+00 1.0102e+01 4.8000e+01 4.1000e+01
2.0000e+00 5.1989e+00 3.2000e+01 1.6000e+01
1.2000e+01 1.4834e+01 9.8000e+01 1.0400e+02
8.0000e+00 1.2577e+01 4.8000e+01 4.7000e+01
3.0000e+00 6.5020e+00 2.6000e+01 1.6000e+01
2.0000e+00 6.2293e+00 1.8000e+01 9.0000e+00
4.0000e+00 1.0953e+01 3.8000e+01 3.0000e+01
3.0000e+00 8.5748e+00 6.0000e+00 4.0000e+00
2.0000e+00 6.5440e+00 8.0000e+00 4.0000e+00
3.0000e+00 7.7429e+00 4.2000e+01 2.5000e+01
9.0000e+00 1.1859e+01 7.8000e+01 7.5000e+01
2.0000e+00 7.2046e+00 2.0000e+00 1.0000e+00
3.0000e+00 8.6491e+00 3.8000e+01 2.5000e+01
2.0000e+00 5.2742e+00 3.2000e+01 1.6000e+01
3.0000e+00 7.7343e+00 1.4000e+01 9.0000e+00
2.0000e+00 5.0509e+00 1.8000e+01 9.0000e+00
2.0000e+00 5.1284e+00 3.2000e+01 1.6000e+01
3.0000e+00 7.1025e+00 1.4000e+01 9.0000e+00
3.0000e+00 6.9710e+00 1.4000e+01 9.0000e+00
2.0000e+00 5.6526e+00 8.0000e+00 4.0000e+00
3.0000e+00 7.5480e+00 1.4000e+01 9.0000e+00
2.0000e+00 6.2085e+00 1.8000e+01 9.0000e+00
2.0000e+00 5.6216e+00 3.2000e+01 1.6000e+01
2.0000e+00 6.8842e+00 2.0000e+00 1.0000e+00
6.0000e+00 1.0659e+01 5.4000e+01 5.6000e+01
5.0000e+00 8.2279e+00 4.6000e+01 4.5000e+01
1.5500e+02 3.9221e+01 1.6280e+03 1.8350e+03
6.0000e+00 1.1965e+01 4.6000e+01 4.4000e+01
3.0000e+00 1.0296e+01 1.4000e+01 9.0000e+00
2.0000e+00 5.2665e+00 1.8000e+01 9.0000e+00
1.3000e+01 1.4388e+01 6.8000e+01 7.5000e+01
1.4000e+01 1.4789e+01 1.6200e+02 1.4700e+02
6.0000e+00 8.0240e+00 6.8000e+01 7.1000e+01
3.0000e+00 7.4919e+00 1.4000e+01 9.0000e+00
4.0000e+00 6.5854e+00 2.6000e+01 2.5000e+01
3.0000e+00 7.4188e+00 1.4000e+01 9.0000e+00
4.0000e+00 7.1768e+00 5.0000e+01 4.9000e+01
2.0000e+00 6.9330e+00 8.0000e+00 4.0000e+00
2.0000e+00 5.9165e+00 1.8000e+01 9.0000e+00
2.0000e+00 5.3543e+00 8.0000e+00 4.0000e+00
2.0000e+00 5.4831e+00 5.0000e+01 2.5000e+01
3.0000e+00 7.6164e+00 6.0000e+00 4.0000e+00
2.0000e+00 5.1925e+00 1.8000e+01 9.0000e+00
4.0000e+00 7.1969e+00 5.4000e+01 4.3000e+01
6.0000e+00 1.0204e+01 4.8000e+01 4.1000e+01
4.0000e+00 7.2654e+00 2.6000e+01 2.5000e+01
2.0000e+00 7.2407e+00 2.0000e+00 1.0000e+00
2.0000e+00 4.9582e+00 1.8000e+01 9.0000e+00
4.0000e+00 7.2711e+00 2.6000e+01 2.1000e+01
3.0000e+00 5.7180e+00 6.0000e+00 4.0000e+00
1.6000e+01 1.7699e+01 1.1000e+02 1.1300e+02
3.0000e+00 8.4719e+00 2.4000e+01 1.6000e+01
2.0000e+00 4.8712e+00 1.8000e+01 9.0000e+00
3.0000e+00 7.7686e+00 2.4000e+01 1.6000e+01
2.0000e+00 4.8196e+00 1.8000e+01 9.0000e+00
2.0000e+00 6.6373e+00 2.0000e+00 1.0000e+00
2.0000e+00 5.6907e+00 2.0000e+00 1.0000e+00
2.0000e+00 5.1336e+00 1.8000e+01 9.0000e+00
3.0000e+00 7.4613e+00 6.0000e+00 4.0000e+00
2.0000e+00 5.3847e+00 8.0000e+00 4.0000e+00
1.6000e+02 3.7025e+01 1.4860e+03 1.6940e+03
4.0000e+00 9.5118e+00 3.8000e+01 3.0000e+01
5.0000e+00 1.4243e+01 3.2000e+01 2.7000e+01
3.0000e+00 6.7853e+00 2.6000e+01 1.6000e+01
4.0000e+00 8.6361e+00 5.0000e+01 4.9000e+01
7.0000e+00 1.0881e+01 7.2000e+01 5.9000e+01
9.0000e+00 1.0340e+01 7.8000e+01 8.2000e+01
2.0000e+00 4.8460e+00 1.8000e+01 9.0000e+00
4.0000e+00 9.0282e+00 1.2000e+01 9.0000e+00
2.0000e+00 7.3215e+00 2.0000e+00 1.0000e+00
7.0000e+00 1.2557e+01 3.4000e+01 3.2000e+01
5.0000e+00 7.6642e+00 4.6000e+01 4.3000e+01
5.0000e+00 9.0002e+00 3.8000e+01 3.0000e+01
2.0000e+00 4.9850e+00 3.2000e+01 1.6000e+01
6.0000e+00 1.0044e+01 4.4000e+01 4.1000e+01
2.0000e+00 5.1835e+00 1.8000e+01 9.0000e+00
4.0000e+00 8.0246e+00 3.0000e+01 2.3000e+01
2.0000e+00 5.6339e+00 1.8000e+01 9.0000e+00
3.0000e+00 6.4464e+00 3.8000e+01 2.5000e+01
2.0000e+00 7.0395e+00 2.0000e+00 1.0000e+00
3.0000e+00 7.2180e+00 2.4000e+01 1.6000e+01
2.0000e+00 5.8314e+00 1.8000e+01 9.0000e+00
3.0000e+00 6.2775e+00 2.6000e+01 1.6000e+01
2.0000e+00 4.7245e+00 1.8000e+01 9.0000e+00
4.0000e+00 7.7995e+00 3.0000e+01 2.2000e+01
4.0000e+00 6.7734e+00 3.8000e+01 3.0000e+01
4.0000e+00 9.8496e+00 3.0000e+01 2.2000e+01
5.0000e+00 9.0256e+00 3.4000e+01 2.6000e+01
2.0000e+00 4.7479e+00 1.8000e+01 9.0000e+00
3.0000e+00 5.4277e+00 2.6000e+01 1.6000e+01
2.0000e+00 5.6561e+00 8.0000e+00 4.0000e+00
2.0000e+00 5.6018e+00 3.2000e+01 1.6000e+01
2.0000e+00 6.9928e+00 8.0000e+00 4.0000e+00
2.0000e+00 5.1202e+00 1.8000e+01 9.0000e+00
3.0000e+00 6.3456e+00 2.4000e+01 1.6000e+01
2.0000e+00 5.1191e+00 1.8000e+01 9.0000e+00
2.0000e+00 5.4125e+00 1.8000e+01 9.0000e+00
2.0000e+00 4.8762e+00 3.2000e+01 1.6000e+01
2.0000e+00 5.3761e+00 8.0000e+00 4.0000e+00
2.0000e+00 8.4199e+00 2.0000e+00 1.0000e+00
2.0000e+00 5.5727e+00 1.8000e+01 9.0000e+00
