# Cluster size, Rg (nm), M1, M2
8.6000e+01 3.6167e+01 8.6800e+02 9.0300e+02
4.0000e+00 7.6831e+00 5.4000e+01 4.1000e+01
3.0000e+00 9.8564e+00 2.4000e+01 1.6000e+01
1.4000e+01 1.6535e+01 9.4000e+01 9.2000e+01
3.0000e+00 6.6586e+00 2.6000e+01 1.6000e+01
4.0000e+00 5.8530e+00 1.8000e+01 1.4000e+01
4.0000e+00 7.6409e+00 3.4000e+01 2.5000e+01
4.0000e+00 8.2596e+00 3.8000e+01 3.0000e+01
1.0000e+01 1.3149e+01 1.1200e+02 1.2600e+02
5.0000e+00 1.0563e+01 4.2000e+01 3.2000e+01
5.0000e+00 8.9724e+00 2.2000e+01 1.8000e+01
1.8000e+01 1.6008e+01 1.9200e+02 1.9300e+02
2.0000e+00 6.1020e+00 1.8000e+01 9.0000e+00
2.0000e+00 5.5821e+00 1.8000e+01 9.0000e+00
2.0000e+00 6.0801e+00 1.8000e+01 9.0000e+00
1.0000e+01 1.4993e+01 7.4000e+01 6.8000e+01
1.1000e+01 1.4560e+01 8.2000e+01 8.2000e+01
1.4000e+01 1.3584e+01 1.3400e+02 1.4900e+02
1.3000e+01 1.8124e+01 9.6000e+01 9.3000e+01
3.0000e+00 5.9546e+00 3.8000e+01 2.5000e+01
2.0000e+00 5.0530e+00 8.0000e+00 4.0000e+00
2.0000e+00 5.8617e+00 2.0000e+00 1.0000e+00
2.0000e+00 4.5079e+00 3.2000e+01 1.6000e+01
3.0000e+00 7.3540e+00 6.0000e+00 4.0000e+00
2.0000e+00 4.4755e+00 3.2000e+01 1.6000e+01
7.0000e+00 1.1951e+01 6.2000e+01 6.0000e+01
2.0000e+00 8.4397e+00 2.0000e+00 1.0000e+00
6.0000e+00 1.0176e+01 4.6000e+01 3.6000e+01
7.0000e+00 1.1185e+01 6.6000e+01 5.6000e+01
1.8000e+01 1.8621e+01 1.5400e+02 1.6700e+02
2.0000e+00 5.2807e+00 1.8000e+01 9.0000e+00
2.0000e+00 5.9511e+00 2.0000e+00 1.0000e+00
2.0000e+00 6.1459e+00 8.0000e+00 4.0000e+00
2.0000e+00 6.1240e+00 8.0000e+00 4.0000e+00
2.0000e+00 7.1459e+00 8.0000e+00 4.0000e+00
3.0000e+00 5.2156e+00 2.4000e+01 1.6000e+01
4.0000e+00 7.0245e+00 5.0000e+01 4.9000e+01
2.0000e+00 4.1449e+00 3.2000e+01 1.6000e+01
3.0000e+00 5.6172e+00 2.4000e+01 1.6000e+01
4.0000e+00 9.1024e+00 1.8000e+01 1.4000e+01
2.0000e+00 6.7888e+00 2.0000e+00 1.0000e+00
3.0000e+00 6.0480e+00 2.4000e+01 1.6000e+01
2.0000e+00 6.0035e+00 1.8000e+01 9.0000e+00
7.3000e+01 2.7737e+01 7.1400e+02 8.1800e+02
8.3000e+01 2.8439e+01 8.2000e+02 9.7100e+02
8.0000e+00 9.4217e+00 9.8000e+01 9.2000e+01
2.0000e+00 5.5428e+00 2.0000e+00 1.0000e+00
7.0000e+00 1.0824e+01 4.8000e+01 4.4000e+01
2.0000e+00 4.7394e+00 1.8000e+01 9.0000e+00
3.0000e+00 8.4941e+00 1.4000e+01 9.0000e+00
2.7000e+01 2.0212e+01 2.5000e+02 2.7400e+02
2.0000e+00 4.9878e+00 8.0000e+00 4.0000e+00
4.0000e+00 6.6245e+00 3.6000e+01 3.6000e+01
9.0000e+00 1.0414e+01 9.4000e+01 1.0200e+02
3.0000e+00 7.2028e+00 2.6000e+01 1.6000e+01
2.0000e+00 7.0434e+00 8.0000e+00 4.0000e+00
5.0000e+00 6.7827e+00 6.0000e+01 5.0000e+01
4.0000e+00 7.9540e+00 1.8000e+01 1.4000e+01
3.0000e+00 7.0992e+00 1.4000e+01 9.0000e+00
1.0000e+01 1.2635e+01 1.0400e+02 1.0800e+02
2.0000e+00 4.4809e+00 1.8000e+01 9.0000e+00
8.0000e+00 1.4388e+01 9.6000e+01 8.6000e+01
2.0000e+00 5.4290e+00 3.2000e+01 1.6000e+01
4.0000e+00 7.4099e+00 3.8000e+01 3.0000e+01
2.0000e+00 5.5000e+00 8.0000e+00 4.0000e+00
2.0000e+00 5.0160e+00 2.0000e+00 1.0000e+00
5.0000e+00 8.9813e+00 7.0000e+01 6.9000e+01
5.0000e+00 8.5762e+00 2.4000e+01 2.0000e+01
2.0000e+00 6.3085e+00 8.0000e+00 4.0000e+00
2.0000e+00 5.9158e+00 1.8000e+01 9.0000e+00
8.0000e+00 1.2523e+01 4.6000e+01 4.8000e+01
2.0000e+00 5.3594e+00 1.8000e+01 9.0000e+00
2.0000e+00 6.9871e+00 8.0000e+00 4.0000e+00
3.0000e+00 7.1965e+00 4.2000e+01 2.5000e+01
2.0000e+00 5.9517e+00 8.0000e+00 4.0000e+00
2.0000e+00 7.8365e+00 2.0000e+00 1.0000e+00
8.0000e+00 1.1478e+01 5.2000e+01 5.4000e+01
8.7000e+01 3.0120e+01 9.3800e+02 1.0680e+03
8.0000e+00 1.1567e+01 4.8000e+01 4.4000e+01
9.0000e+00 1.1703e+01 7.6000e+01 8.0000e+01
2.0000e+00 5.3343e+00 8.0000e+00 4.0000e+00
1.0000e+01 1.0251e+01 1.0000e+02 1.1200e+02
2.0000e+00 6.1614e+00 8.0000e+00 4.0000e+00
1.4000e+01 1.6615e+01 1.5000e+02 1.6900e+02
3.2000e+01 1.8713e+01 3.5000e+02 4.0100e+02
1.3000e+01 1.1742e+01 1.1800e+02 1.4100e+02
1.5000e+01 1.3474e+01 1.6600e+02 1.6000e+02
2.0000e+00 5.0319e+00 2.0000e+00 1.0000e+00
2.0000e+00 5.7190e+00 8.0000e+00 4.0000e+00
2.0000e+00 3.9758e+00 1.8000e+01 9.0000e+00
2.0000e+00 7.1003e+00 8.0000e+00 4.0000e+00
3.0000e+00 6.4298e+00 4.2000e+01 2.5000e+01
2.0000e+00 7.8849e+00 1.8000e+01 9.0000e+00
9.0000e+00 1.7395e+01 5.0000e+01 4.7000e+01
5.0000e+00 8.9774e+00 6.0000e+01 4.7000e+01
2.0000e+00 5.1652e+00 2.0000e+00 1.0000e+00
4.0000e+00 7.5809e+00 1.8000e+01 1.4000e+01
2.0000e+00 5.9156e+00 2.0000e+00 1.0000e+00
6.0000e+00 1.1352e+01 4.0000e+01 3.5000e+01
2.0000e+00 5.5197e+00 2.0000e+00 1.0000e+00
2.0000e+00 5.6743e+00 1.8000e+01 9.0000e+00
2.0000e+00 5.4624e+00 1.8000e+01 9.0000e+00
5.0000e+00 1.0294e+01 1.6000e+01 1.4000e+01
2.0000e+00 4.3480e+00 3.2000e+01 1.6000e+01
3.0000e+00 6.0426e+00 2.6000e+01 1.6000e+01
2.0000e+00 5.0256e+00 1.8000e+01 9.0000e+00
3.0000e+00 7.5360e+00 1.4000e+01 9.0000e+00
5.0000e+00 8.6576e+00 5.6000e+01 4.8000e+01
2.0000e+00 5.8747e+00 8.0000e+00 4.0000e+00
2.0000e+00 5.0974e+00 1.8000e+01 9.0000e+00
5.0000e+00 7.8281e+00 3.4000e+01 2.6000e+01
2.0000e+00 4.6747e+00 1.8000e+01 9.0000e+00
3.0000e+00 7.8737e+00 4.2000e+01 2.5000e+01
3.0000e+00 7.1831e+00 1.4000e+01 9.0000e+00
2.0000e+00 4.8025e+00 1.8000e+01 9.0000e+00
2.0000e+00 6.5962e+00 2.0000e+00 1.0000e+00
2.0000e+00 4.7497e+00 3.2000e+01 1.6000e+01
2.0000e+00 6.6528e+00 1.8000e+01 9.0000e+00
3.0000e+00 6.1609e+00 2.6000e+01 1.6000e+01
2.0000e+00 7.8034e+00 2.0000e+00 1.0000e+00
