# Cluster size, Rg (nm), M1, M2
1.7400e+02 3.7908e+01 1.7500e+03 1.9720e+03
2.0000e+00 5.0126e+00 1.8000e+01 9.0000e+00
2.0000e+00 8.2785e+00 2.0000e+00 1.0000e+00
1.4000e+01 1.5711e+01 9.6000e+01 9.4000e+01
2.0000e+00 5.2709e+00 1.8000e+01 9.0000e+00
1.2000e+01 1.4266e+01 1.1200e+02 1.0600e+02
4.0000e+00 9.1295e+00 1.8000e+01 1.4000e+01
2.0000e+00 4.4446e+00 8.0000e+00 4.0000e+00
1.3000e+01 1.9555e+01 1.3400e+02 1.4500e+02
2.0000e+00 4.7231e+00 1.8000e+01 9.0000e+00
2.0000e+00 5.2495e+00 2.0000e+00 1.0000e+00
3.0000e+00 8.3598e+00 1.4000e+01 9.0000e+00
4.0000e+00 7.9310e+00 8.2000e+01 6.5000e+01
4.0000e+00 7.1221e+00 4.6000e+01 3.2000e+01
7.0000e+00 9.6677e+00 7.6000e+01 8.1000e+01
2.0000e+00 5.8857e+00 2.0000e+00 1.0000e+00
3.0000e+00 7.7289e+00 1.4000e+01 9.0000e+00
4.0000e+00 6.8376e+00 6.6000e+01 6.4000e+01
8.0000e+00 1.0945e+01 9.4000e+01 8.4000e+01
4.0000e+00 8.0713e+00 2.6000e+01 2.1000e+01
1.0000e+01 1.4962e+01 8.4000e+01 7.6000e+01
2.0000e+00 5.4949e+00 3.2000e+01 1.6000e+01
4.0000e+00 6.9486e+00 3.6000e+01 3.6000e+01
3.0000e+00 7.1631e+00 2.4000e+01 1.6000e+01
2.0000e+00 4.9501e+00 1.8000e+01 9.0000e+00
2.0000e+00 6.6120e+00 3.2000e+01 1.6000e+01
2.0000e+00 6.6506e+00 8.0000e+00 4.0000e+00
3.0000e+00 7.0802e+00 2.4000e+01 1.6000e+01
2.0000e+00 5.6112e+00 1.8000e+01 9.0000e+00
2.0000e+00 5.6654e+00 8.0000e+00 4.0000e+00
2.0000e+00 6.6197e+00 8.0000e+00 4.0000e+00
2.0000e+00 5.6600e+00 8.0000e+00 4.0000e+00
2.0000e+00 5.5790e+00 1.8000e+01 9.0000e+00
2.0000e+00 4.4109e+00 1.8000e+01 9.0000e+00
8.0000e+00 9.0461e+00 7.2000e+01 6.1000e+01
7.0000e+00 1.0924e+01 5.8000e+01 6.1000e+01
1.0200e+02 3.4516e+01 8.5800e+02 9.6100e+02
4.0000e+00 6.7397e+00 6.6000e+01 5.2000e+01
1.1000e+01 1.2394e+01 8.8000e+01 8.3000e+01
1.5000e+01 1.3333e+01 1.1000e+02 1.1800e+02
1.0000e+01 1.4239e+01 5.4000e+01 5.3000e+01
4.6000e+01 2.6000e+01 5.6000e+02 6.2100e+02
4.0000e+00 1.0171e+01 1.8000e+01 1.4000e+01
2.0000e+00 5.4206e+00 2.0000e+00 1.0000e+00
2.0000e+00 6.5853e+00 8.0000e+00 4.0000e+00
4.0000e+00 6.3995e+00 2.6000e+01 2.5000e+01
6.0000e+00 1.0730e+01 4.0000e+01 3.5000e+01
4.0000e+00 7.4656e+00 3.4000e+01 2.5000e+01
3.0000e+00 9.5942e+00 2.6000e+01 1.6000e+01
2.0000e+00 5.6519e+00 2.0000e+00 1.0000e+00
7.0000e+00 1.3588e+01 5.0000e+01 4.5000e+01
2.0000e+00 6.6211e+00 8.0000e+00 4.0000e+00
9.0000e+00 1.0438e+01 1.0000e+02 1.1500e+02
2.0000e+00 4.9139e+00 8.0000e+00 4.0000e+00
3.0000e+00 6.9935e+00 1.4000e+01 9.0000e+00
8.0000e+00 1.2107e+01 5.8000e+01 5.3000e+01
3.0000e+00 9.3481e+00 6.0000e+00 4.0000e+00
4.0000e+00 7.9583e+00 5.0000e+01 4.0000e+01
2.0000e+00 5.5219e+00 2.0000e+00 1.0000e+00
2.0000e+00 5.0592e+00 1.8000e+01 9.0000e+00
2.0000e+00 1.0099e+01 2.0000e+00 1.0000e+00
2.0000e+00 5.7625e+00 8.0000e+00 4.0000e+00
2.0000e+00 6.1834e+00 1.8000e+01 9.0000e+00
2.0000e+00 5.0016e+00 8.0000e+00 4.0000e+00
2.0000e+00 5.2104e+00 1.8000e+01 9.0000e+00
2.0000e+00 4.8844e+00 1.8000e+01 9.0000e+00
3.0000e+00 8.2214e+00 4.2000e+01 2.5000e+01
3.0000e+00 5.0206e+00 4.2000e+01 2.5000e+01
2.0000e+00 5.4464e+00 8.0000e+00 4.0000e+00
3.0000e+00 7.0445e+00 3.8000e+01 2.5000e+01
2.0000e+00 6.8460e+00 2.0000e+00 1.0000e+00
2.0000e+00 7.2665e+00 8.0000e+00 4.0000e+00
4.0000e+00 7.5104e+00 3.0000e+01 2.2000e+01
2.7000e+01 1.9960e+01 2.5600e+02 2.6600e+02
1.0000e+01 1.1109e+01 1.0600e+02 1.1400e+02
3.0000e+00 8.8304e+00 1.4000e+01 9.0000e+00
1.0400e+02 2.8911e+01 1.0140e+03 1.1740e+03
2.0000e+00 5.1329e+00 1.8000e+01 9.0000e+00
1.2000e+01 1.4025e+01 7.0000e+01 7.2000e+01
4.0000e+00 7.5203e+00 3.0000e+01 2.2000e+01
9.0000e+00 1.4832e+01 8.0000e+01 7.8000e+01
5.0000e+00 9.7219e+00 3.2000e+01 2.7000e+01
6.0000e+00 1.0038e+01 6.4000e+01 5.4000e+01
2.0000e+00 5.5979e+00 3.2000e+01 1.6000e+01
5.0000e+00 8.9446e+00 4.4000e+01 4.5000e+01
9.0000e+00 1.1683e+01 9.0000e+01 8.0000e+01
3.0000e+00 7.4986e+00 4.2000e+01 2.5000e+01
8.0000e+00 1.2252e+01 1.0200e+02 1.1800e+02
2.0000e+00 5.5555e+00 1.8000e+01 9.0000e+00
9.0000e+00 1.2903e+01 7.4000e+01 7.2000e+01
2.0000e+00 6.0164e+00 8.0000e+00 4.0000e+00
2.0000e+00 5.0824e+00 1.8000e+01 9.0000e+00
2.0000e+00 5.8139e+00 2.0000e+00 1.0000e+00
9.0000e+00 1.0192e+01 8.0000e+01 7.6000e+01
2.0000e+00 5.5993e+00 1.8000e+01 9.0000e+00
1.2000e+01 1.2957e+01 6.4000e+01 7.1000e+01
2.0000e+00 4.8213e+00 1.8000e+01 9.0000e+00
2.0000e+00 6.3991e+00 8.0000e+00 4.0000e+00
2.0000e+00 5.7278e+00 8.0000e+00 4.0000e+00
3.0000e+00 6.3059e+00 1.4000e+01 9.0000e+00
4.0000e+00 1.0780e+01 2.6000e+01 2.1000e+01
2.0000e+00 5.2275e+00 2.0000e+00 1.0000e+00
2.0000e+00 5.7044e+00 1.8000e+01 9.0000e+00
2.0000e+00 5.5796e+00 8.0000e+00 4.0000e+00
2.0000e+00 6.8305e+00 2.0000e+00 1.0000e+00
4.0000e+00 9.3843e+00 2.6000e+01 2.1000e+01
2.0000e+00 5.7132e+00 8.0000e+00 4.0000e+00
3.0000e+00 7.0824e+00 1.4000e+01 9.0000e+00
2.0000e+00 4.1419e+00 5.0000e+01 2.5000e+01
2.0000e+00 1.0666e+01 2.0000e+00 1.0000e+00
2.0000e+00 5.2776e+00 8.0000e+00 4.0000e+00
2.0000e+00 6.9559e+00 8.0000e+00 4.0000e+00
2.0000e+00 4.9117e+00 1.8000e+01 9.0000e+00
