# Cluster size, Rg (nm), M1, M2
7.0000e+00 1.1449e+01 5.2000e+01 5.5000e+01
1.9000e+01 1.3969e+01 1.5200e+02 1.6600e+02
4.0000e+00 8.4640e+00 3.0000e+01 2.2000e+01
9.0000e+00 1.1066e+01 1.0800e+02 1.1500e+02
7.0000e+00 1.0203e+01 4.4000e+01 4.2000e+01
1.8000e+01 1.4823e+01 1.4200e+02 1.3900e+02
3.0000e+00 7.2009e+00 2.6000e+01 1.6000e+01
2.0000e+00 4.9022e+00 3.2000e+01 1.6000e+01
3.8000e+01 2.1420e+01 3.3600e+02 3.7000e+02
4.0000e+00 8.5062e+00 3.0000e+01 2.3000e+01
4.2000e+01 2.2538e+01 4.3000e+02 4.7600e+02
5.0000e+00 9.3361e+00 5.0000e+01 4.0000e+01
1.1000e+01 1.2488e+01 1.1000e+02 1.0400e+02
4.0000e+00 8.6898e+00 3.0000e+01 2.2000e+01
5.0000e+00 7.5748e+00 4.2000e+01 3.2000e+01
1.1000e+01 1.2867e+01 1.3400e+02 1.4400e+02
2.4000e+01 1.6318e+01 2.3200e+02 2.7100e+02
2.0000e+00 6.3504e+00 2.0000e+00 1.0000e+00
8.0000e+00 1.1691e+01 7.2000e+01 6.5000e+01
9.0000e+00 1.0071e+01 1.5600e+02 2.0100e+02
6.0000e+00 7.2725e+00 8.4000e+01 8.0000e+01
2.0000e+00 4.7541e+00 1.8000e+01 9.0000e+00
2.0000e+00 5.1986e+00 1.8000e+01 9.0000e+00
3.0000e+00 5.8646e+00 1.4000e+01 9.0000e+00
2.0000e+00 4.6701e+00 1.8000e+01 9.0000e+00
2.0000e+00 7.0380e+00 8.0000e+00 4.0000e+00
4.0000e+00 6.9160e+00 3.8000e+01 3.0000e+01
4.0000e+00 8.3058e+00 1.8000e+01 1.4000e+01
3.0000e+00 6.6782e+00 2.6000e+01 1.6000e+01
3.0000e+00 7.1660e+00 1.4000e+01 9.0000e+00
3.0000e+00 8.3419e+00 6.0000e+00 4.0000e+00
5.0000e+00 8.8925e+00 3.8000e+01 3.0000e+01
2.0000e+00 7.4844e+00 2.0000e+00 1.0000e+00
7.0000e+00 1.1670e+01 4.0000e+01 3.6000e+01
5.0000e+00 1.0416e+01 3.8000e+01 3.2000e+01
2.0000e+00 4.7365e+00 3.2000e+01 1.6000e+01
3.0000e+00 8.0642e+00 2.6000e+01 1.6000e+01
3.0000e+00 6.8038e+00 3.8000e+01 2.5000e+01
2.0000e+00 7.1714e+00 2.0000e+00 1.0000e+00
2.0000e+00 5.7083e+00 2.0000e+00 1.0000e+00
3.0000e+00 9.5577e+00 2.6000e+01 1.6000e+01
2.0000e+00 5.7901e+00 8.0000e+00 4.0000e+00
2.0000e+00 5.3441e+00 8.0000e+00 4.0000e+00
6.6000e+01 2.8889e+01 7.0800e+02 7.4500e+02
2.0000e+00 7.9653e+00 2.0000e+00 1.0000e+00
2.0000e+00 6.8813e+00 2.0000e+00 1.0000e+00
2.3000e+01 1.7077e+01 2.1600e+02 2.1000e+02
4.0000e+00 1.1069e+01 2.0000e+01 1.5000e+01
5.9000e+01 2.8909e+01 5.8800e+02 6.6100e+02
4.2000e+01 2.0865e+01 4.5200e+02 4.9100e+02
6.0000e+00 1.0109e+01 3.0000e+01 2.6000e+01
2.0000e+00 6.2917e+00 8.0000e+00 4.0000e+00
1.1000e+01 1.5508e+01 1.4000e+02 1.4900e+02
2.0000e+00 5.2929e+00 8.0000e+00 4.0000e+00
2.0000e+00 5.2289e+00 3.2000e+01 1.6000e+01
4.0000e+00 8.9455e+00 2.6000e+01 2.1000e+01
6.0000e+00 1.1051e+01 6.2000e+01 5.1000e+01
2.0000e+00 5.4389e+00 3.2000e+01 1.6000e+01
6.0000e+00 8.8524e+00 5.8000e+01 6.7000e+01
2.0000e+00 4.1946e+00 1.8000e+01 9.0000e+00
6.0000e+00 1.1163e+01 5.6000e+01 5.0000e+01
2.0000e+00 8.0087e+00 2.0000e+00 1.0000e+00
6.0000e+00 1.0062e+01 4.6000e+01 4.8000e+01
3.0000e+00 7.3788e+00 2.4000e+01 1.6000e+01
4.0000e+00 9.3503e+00 3.8000e+01 3.0000e+01
3.0000e+00 5.5497e+00 1.4000e+01 9.0000e+00
5.0000e+00 1.0995e+01 6.0000e+01 4.7000e+01
2.0000e+00 5.4117e+00 8.0000e+00 4.0000e+00
3.0000e+00 7.5933e+00 1.4000e+01 9.0000e+00
4.0000e+00 7.0623e+00 1.8000e+01 1.4000e+01
2.0000e+00 7.6282e+00 2.0000e+00 1.0000e+00
2.0000e+00 6.5278e+00 8.0000e+00 4.0000e+00
2.0000e+00 6.4467e+00 8.0000e+00 4.0000e+00
5.0000e+00 7.4809e+00 3.4000e+01 3.0000e+01
3.0000e+00 6.4181e+00 4.2000e+01 2.5000e+01
2.0000e+00 6.0815e+00 1.8000e+01 9.0000e+00
2.0000e+00 6.4091e+00 8.0000e+00 4.0000e+00
2.0000e+00 6.4388e+00 2.0000e+00 1.0000e+00
2.0000e+00 5.3425e+00 8.0000e+00 4.0000e+00
2.0000e+00 6.8717e+00 2.0000e+00 1.0000e+00
6.6000e+01 2.9555e+01 6.6000e+02 7.0200e+02
1.9000e+01 1.9137e+01 1.7600e+02 1.8800e+02
6.8000e+01 3.2374e+01 6.8000e+02 7.6700e+02
2.0000e+00 7.0622e+00 8.0000e+00 4.0000e+00
7.0000e+00 1.2370e+01 6.4000e+01 5.8000e+01
3.0000e+00 7.4509e+00 1.4000e+01 9.0000e+00
4.0000e+00 6.8056e+00 5.0000e+01 4.9000e+01
2.9000e+01 2.0332e+01 2.7000e+02 2.8600e+02
2.0000e+00 5.1662e+00 3.2000e+01 1.6000e+01
2.0000e+00 4.6782e+00 3.2000e+01 1.6000e+01
1.2000e+01 1.7961e+01 1.2000e+02 1.2200e+02
2.0000e+00 5.1767e+00 3.2000e+01 1.6000e+01
2.0000e+00 7.5238e+00 2.0000e+00 1.0000e+00
2.0000e+00 6.3068e+00 1.8000e+01 9.0000e+00
2.0000e+00 4.8611e+00 8.0000e+00 4.0000e+00
6.0000e+00 1.0289e+01 2.4000e+01 2.2000e+01
6.0000e+00 9.5721e+00 6.2000e+01 6.8000e+01
1.2000e+01 1.6808e+01 8.2000e+01 8.6000e+01
3.0000e+00 7.9878e+00 1.4000e+01 9.0000e+00
2.0000e+00 5.8794e+00 1.8000e+01 9.0000e+00
1.5000e+01 1.6562e+01 1.6000e+02 1.5200e+02
2.0000e+00 5.9045e+00 2.0000e+00 1.0000e+00
4.0000e+00 6.9378e+00 3.8000e+01 3.0000e+01
2.0000e+00 5.0397e+00 3.2000e+01 1.6000e+01
2.0000e+00 5.4517e+00 8.0000e+00 4.0000e+00
3.0000e+00 7.3342e+00 6.0000e+00 4.0000e+00
2.0000e+00 6.2771e+00 8.0000e+00 4.0000e+00
2.0000e+00 5.4278e+00 3.2000e+01 1.6000e+01
2.0000e+00 5.4209e+00 8.0000e+00 4.0000e+00
4.0000e+00 8.3399e+00 2.6000e+01 2.1000e+01
3.0000e+00 7.4332e+00 4.2000e+01 2.5000e+01
4.0000e+00 8.0037e+00 2.6000e+01 2.1000e+01
2.0000e+00 6.3794e+00 2.0000e+00 1.0000e+00
