# Cluster size, Rg (nm), M1, M2
1.1600e+02 3.2423e+01 1.0940e+03 1.2570e+03
2.1000e+01 1.6165e+01 2.1400e+02 2.3800e+02
2.0000e+00 4.7293e+00 3.2000e+01 1.6000e+01
4.0000e+00 8.7932e+00 3.8000e+01 3.0000e+01
1.0000e+01 1.1326e+01 1.1400e+02 1.2900e+02
3.0000e+00 7.6288e+00 2.6000e+01 1.6000e+01
1.3000e+01 1.3217e+01 1.2200e+02 1.2200e+02
6.0000e+00 1.4573e+01 3.6000e+01 3.2000e+01
2.5000e+01 1.6519e+01 2.5600e+02 3.0500e+02
2.0000e+00 4.8984e+00 1.8000e+01 9.0000e+00
4.0000e+00 8.6846e+00 3.0000e+01 2.2000e+01
4.0000e+00 8.4926e+00 2.0000e+01 1.5000e+01
3.0000e+00 8.3017e+00 1.4000e+01 9.0000e+00
4.0000e+00 1.1432e+01 3.8000e+01 3.0000e+01
1.4000e+01 1.4939e+01 1.6000e+02 1.5400e+02
6.0000e+00 1.1693e+01 8.0000e+01 8.5000e+01
2.0000e+00 4.8492e+00 1.8000e+01 9.0000e+00
3.0000e+00 7.8864e+00 2.6000e+01 1.6000e+01
1.1000e+01 1.5560e+01 1.3600e+02 1.5700e+02
3.0000e+00 5.5556e+00 2.6000e+01 1.6000e+01
3.0000e+00 7.4605e+00 1.4000e+01 9.0000e+00
9.0000e+00 1.1188e+01 5.8000e+01 5.4000e+01
2.0000e+00 6.7659e+00 2.0000e+00 1.0000e+00
3.0000e+00 5.8225e+00 2.4000e+01 1.6000e+01
2.0000e+00 6.1065e+00 8.0000e+00 4.0000e+00
3.0000e+00 7.2075e+00 4.2000e+01 2.5000e+01
2.0000e+00 4.7759e+00 3.2000e+01 1.6000e+01
2.0000e+00 5.7032e+00 2.0000e+00 1.0000e+00
3.0000e+00 8.7013e+00 2.4000e+01 1.6000e+01
2.0000e+00 5.7599e+00 8.0000e+00 4.0000e+00
3.0000e+00 5.4861e+00 3.8000e+01 2.5000e+01
2.0000e+00 4.5593e+00 3.2000e+01 1.6000e+01
2.0000e+00 5.5673e+00 1.8000e+01 9.0000e+00
2.0000e+00 5.1815e+00 1.8000e+01 9.0000e+00
2.0000e+00 5.3125e+00 3.2000e+01 1.6000e+01
2.0000e+00 6.7331e+00 8.0000e+00 4.0000e+00
2.0000e+00 6.3791e+00 1.8000e+01 9.0000e+00
3.0000e+00 6.9853e+00 6.0000e+00 4.0000e+00
2.0000e+00 7.3965e+00 2.0000e+00 1.0000e+00
4.0000e+00 9.5587e+00 3.0000e+01 2.3000e+01
1.2200e+02 3.1639e+01 1.1620e+03 1.3100e+03
7.0000e+00 1.2007e+01 4.4000e+01 3.9000e+01
3.2000e+01 2.3522e+01 3.5000e+02 3.5600e+02
3.0000e+00 8.2302e+00 2.4000e+01 1.6000e+01
2.0000e+00 5.9452e+00 1.8000e+01 9.0000e+00
2.0000e+00 5.3655e+00 3.2000e+01 1.6000e+01
9.0000e+00 1.0188e+01 7.2000e+01 6.9000e+01
1.3000e+01 1.1554e+01 1.5000e+02 1.7500e+02
3.0000e+00 8.6747e+00 2.6000e+01 1.6000e+01
2.3000e+01 2.0154e+01 2.3800e+02 2.2100e+02
6.0000e+00 9.7486e+00 4.6000e+01 3.8000e+01
2.0000e+00 6.2980e+00 8.0000e+00 4.0000e+00
2.0000e+00 4.5200e+00 3.2000e+01 1.6000e+01
5.0000e+00 1.0058e+01 4.2000e+01 3.2000e+01
2.0000e+00 7.2554e+00 8.0000e+00 4.0000e+00
3.0000e+00 8.5606e+00 2.6000e+01 1.6000e+01
8.0000e+00 1.4505e+01 6.4000e+01 5.3000e+01
2.0000e+00 5.4312e+00 8.0000e+00 4.0000e+00
3.0000e+00 7.0847e+00 6.0000e+00 4.0000e+00
2.0000e+00 4.6808e+00 8.0000e+00 4.0000e+00
2.0000e+00 5.7217e+00 1.8000e+01 9.0000e+00
2.0000e+00 4.9099e+00 1.8000e+01 9.0000e+00
2.0000e+00 7.4375e+00 2.0000e+00 1.0000e+00
3.0000e+00 8.4222e+00 6.0000e+00 4.0000e+00
3.0000e+00 7.9599e+00 1.4000e+01 9.0000e+00
5.0000e+00 1.0277e+01 4.2000e+01 3.5000e+01
2.0000e+00 6.1571e+00 8.0000e+00 4.0000e+00
2.0000e+00 6.3223e+00 2.0000e+00 1.0000e+00
2.0000e+00 4.6177e+00 1.8000e+01 9.0000e+00
2.0000e+00 1.1986e+01 2.0000e+00 1.0000e+00
2.0000e+00 5.2355e+00 3.2000e+01 1.6000e+01
5.0000e+00 9.9091e+00 4.2000e+01 3.5000e+01
2.0000e+00 4.7254e+00 8.0000e+00 4.0000e+00
2.0000e+00 6.1435e+00 1.8000e+01 9.0000e+00
2.0000e+00 5.2937e+00 1.8000e+01 9.0000e+00
2.0000e+00 5.5962e+00 1.8000e+01 9.0000e+00
2.0000e+00 5.7566e+00 1.8000e+01 9.0000e+00
1.2200e+02 3.3673e+01 1.2340e+03 1.4410e+03
3.2000e+01 2.0571e+01 3.2800e+02 3.6700e+02
2.0000e+00 4.8345e+00 8.0000e+00 4.0000e+00
9.0000e+00 1.1475e+01 9.0000e+01 7.7000e+01
1.5000e+01 1.5025e+01 1.2200e+02 1.3300e+02
2.0000e+00 5.4536e+00 3.2000e+01 1.6000e+01
3.0000e+00 7.7982e+00 2.6000e+01 1.6000e+01
1.6000e+01 1.2842e+01 2.1200e+02 2.6400e+02
1.0000e+01 1.2456e+01 1.0800e+02 1.2600e+02
1.7000e+01 1.4253e+01 2.2200e+02 2.2600e+02
2.0000e+00 5.6506e+00 8.0000e+00 4.0000e+00
2.0000e+00 4.6237e+00 3.2000e+01 1.6000e+01
2.0000e+00 6.0446e+00 8.0000e+00 4.0000e+00
2.0000e+00 7.1107e+00 8.0000e+00 4.0000e+00
4.0000e+00 1.1356e+01 1.0000e+01 8.0000e+00
2.0000e+00 5.5641e+00 8.0000e+00 4.0000e+00
2.0000e+00 8.2301e+00 2.0000e+00 1.0000e+00
2.0000e+00 5.1489e+00 1.8000e+01 9.0000e+00
2.0000e+00 4.5718e+00 3.2000e+01 1.6000e+01
2.0000e+00 6.1398e+00 2.0000e+00 1.0000e+00
1.1000e+01 1.6599e+01 9.2000e+01 8.8000e+01
2.0000e+00 4.6326e+00 1.8000e+01 9.0000e+00
2.0000e+00 5.9155e+00 3.2000e+01 1.6000e+01
5.0000e+00 9.6665e+00 5.4000e+01 5.6000e+01
5.0000e+00 9.2977e+00 4.4000e+01 3.6000e+01
3.0000e+00 6.7684e+00 2.4000e+01 1.6000e+01
2.0000e+00 6.1995e+00 2.0000e+00 1.0000e+00
2.0000e+00 7.0586e+00 2.0000e+00 1.0000e+00
2.0000e+00 6.8155e+00 2.0000e+00 1.0000e+00
2.0000e+00 4.7158e+00 1.8000e+01 9.0000e+00
2.0000e+00 5.4742e+00 1.8000e+01 9.0000e+00
2.0000e+00 4.1260e+00 3.2000e+01 1.6000e+01
2.0000e+00 6.0267e+00 1.8000e+01 9.0000e+00
2.0000e+00 5.4057e+00 1.8000e+01 9.0000e+00
3.0000e+00 8.3027e+00 2.6000e+01 1.6000e+01
