# Cluster size, Rg (nm), M1, M2
6.4000e+01 2.8931e+01 6.3200e+02 6.7400e+02
1.0000e+01 1.2668e+01 7.0000e+01 7.0000e+01
4.1000e+01 2.0671e+01 3.3200e+02 3.7900e+02
9.0000e+00 1.3974e+01 1.3400e+02 1.2100e+02
4.9000e+01 2.6302e+01 4.3000e+02 4.7900e+02
2.0000e+00 6.4627e+00 1.8000e+01 9.0000e+00
2.0000e+00 7.2887e+00 2.0000e+00 1.0000e+00
9.0000e+00 1.7896e+01 8.6000e+01 7.5000e+01
4.0000e+00 7.3872e+00 5.4000e+01 4.1000e+01
2.6000e+01 1.5502e+01 3.5200e+02 3.8500e+02
2.0000e+00 5.7755e+00 1.8000e+01 9.0000e+00
1.0000e+01 1.1468e+01 9.2000e+01 8.4000e+01
3.0000e+00 8.2566e+00 1.4000e+01 9.0000e+00
4.0000e+00 8.5513e+00 4.4000e+01 3.3000e+01
9.0000e+00 1.0429e+01 8.8000e+01 9.9000e+01
2.0000e+00 6.8771e+00 8.0000e+00 4.0000e+00
5.0000e+00 8.0835e+00 4.2000e+01 3.5000e+01
4.0000e+00 7.5675e+00 3.8000e+01 3.0000e+01
5.0000e+00 8.7407e+00 6.0000e+01 5.2000e+01
2.0000e+00 5.5850e+00 8.0000e+00 4.0000e+00
4.0000e+00 9.8192e+00 3.0000e+01 2.3000e+01
7.0000e+00 1.0156e+01 6.8000e+01 6.7000e+01
3.0000e+00 9.8579e+00 6.0000e+00 4.0000e+00
4.0000e+00 7.5644e+00 4.0000e+01 3.2000e+01
2.0000e+00 6.0770e+00 1.8000e+01 9.0000e+00
2.0000e+00 6.3448e+00 1.8000e+01 9.0000e+00
2.0000e+00 4.8965e+00 3.2000e+01 1.6000e+01
2.0000e+00 4.9436e+00 1.8000e+01 9.0000e+00
2.0000e+00 4.1401e+00 5.0000e+01 2.5000e+01
4.0000e+00 6.3754e+00 5.0000e+01 4.9000e+01
2.0000e+00 6.5252e+00 1.8000e+01 9.0000e+00
2.0000e+00 5.3703e+00 2.0000e+00 1.0000e+00
2.0000e+00 5.7049e+00 1.8000e+01 9.0000e+00
1.1600e+02 3.0489e+01 1.2760e+03 1.4740e+03
4.0000e+00 6.9484e+00 3.0000e+01 2.3000e+01
2.0000e+00 5.6263e+00 3.2000e+01 1.6000e+01
1.4000e+01 1.7794e+01 1.4000e+02 1.3500e+02
3.0000e+00 6.8705e+00 1.4000e+01 9.0000e+00
2.0000e+00 5.3505e+00 8.0000e+00 4.0000e+00
1.7000e+01 2.0540e+01 8.4000e+01 8.3000e+01
1.1000e+01 1.6296e+01 7.6000e+01 6.9000e+01
7.0000e+00 1.1384e+01 4.0000e+01 3.4000e+01
4.0000e+00 9.9582e+00 2.6000e+01 2.1000e+01
2.5000e+01 1.8527e+01 2.2600e+02 2.1500e+02
1.1000e+01 1.3776e+01 1.1000e+02 1.0300e+02
5.0000e+00 1.1158e+01 2.4000e+01 2.1000e+01
4.0000e+00 1.2857e+01 2.6000e+01 2.1000e+01
7.0000e+00 1.2150e+01 8.4000e+01 6.4000e+01
3.0000e+00 7.4027e+00 2.6000e+01 1.6000e+01
3.0000e+00 8.0100e+00 1.4000e+01 9.0000e+00
6.0000e+00 1.1389e+01 7.2000e+01 6.8000e+01
2.0000e+00 5.9450e+00 1.8000e+01 9.0000e+00
2.0000e+00 5.5667e+00 3.2000e+01 1.6000e+01
7.0000e+00 1.3828e+01 5.4000e+01 5.6000e+01
3.0000e+00 6.9112e+00 2.6000e+01 1.6000e+01
3.0000e+00 7.8120e+00 2.4000e+01 1.6000e+01
3.0000e+00 7.4511e+00 2.4000e+01 1.6000e+01
2.0000e+00 6.4104e+00 1.8000e+01 9.0000e+00
2.0000e+00 5.4809e+00 8.0000e+00 4.0000e+00
2.0000e+00 7.4603e+00 8.0000e+00 4.0000e+00
4.0000e+00 7.3955e+00 3.4000e+01 2.4000e+01
3.0000e+00 5.8149e+00 1.4000e+01 9.0000e+00
3.0000e+00 8.3460e+00 6.0000e+00 4.0000e+00
2.0000e+00 5.4620e+00 8.0000e+00 4.0000e+00
2.0000e+00 5.8660e+00 2.0000e+00 1.0000e+00
2.0000e+00 7.2827e+00 2.0000e+00 1.0000e+00
2.0000e+00 5.2535e+00 8.0000e+00 4.0000e+00
3.0000e+00 5.3723e+00 2.6000e+01 1.6000e+01
2.0000e+00 7.1688e+00 2.0000e+00 1.0000e+00
2.0000e+00 6.0012e+00 1.8000e+01 9.0000e+00
4.0000e+00 7.5770e+00 1.8000e+01 1.4000e+01
2.8000e+01 1.9202e+01 2.5200e+02 2.6300e+02
1.2000e+01 1.4461e+01 7.4000e+01 7.0000e+01
7.0000e+00 1.1112e+01 7.0000e+01 5.4000e+01
2.3000e+01 1.8449e+01 1.8600e+02 1.8900e+02
1.2000e+01 1.1770e+01 1.1800e+02 1.3000e+02
2.0000e+00 5.5306e+00 1.8000e+01 9.0000e+00
3.0000e+00 7.5557e+00 2.4000e+01 1.6000e+01
1.2000e+01 1.7718e+01 7.4000e+01 8.3000e+01
2.7000e+01 1.8439e+01 2.6400e+02 3.2400e+02
1.5000e+01 1.2335e+01 1.2400e+02 1.4800e+02
2.2000e+01 1.5401e+01 2.2600e+02 2.4800e+02
6.0000e+00 8.7530e+00 6.8000e+01 6.6000e+01
1.6000e+01 1.8269e+01 1.2800e+02 1.2400e+02
2.0000e+00 5.9789e+00 1.8000e+01 9.0000e+00
3.0000e+00 8.4421e+00 1.4000e+01 9.0000e+00
3.0000e+00 7.2519e+00 2.4000e+01 1.6000e+01
7.0000e+00 1.1544e+01 8.8000e+01 8.5000e+01
2.3000e+01 1.9141e+01 1.8200e+02 1.6500e+02
2.0000e+00 4.6494e+00 1.8000e+01 9.0000e+00
2.0000e+00 8.1370e+00 2.0000e+00 1.0000e+00
2.0000e+00 6.2077e+00 2.0000e+00 1.0000e+00
6.0000e+00 1.1902e+01 3.0000e+01 2.8000e+01
3.0000e+00 7.2105e+00 6.0000e+00 4.0000e+00
3.0000e+00 1.0442e+01 6.0000e+00 4.0000e+00
2.0000e+00 5.6309e+00 1.8000e+01 9.0000e+00
2.0000e+00 5.7610e+00 8.0000e+00 4.0000e+00
2.0000e+00 5.0531e+00 8.0000e+00 4.0000e+00
2.0000e+00 6.2611e+00 8.0000e+00 4.0000e+00
6.0000e+00 9.0212e+00 3.0000e+01 2.6000e+01
2.0000e+00 6.3858e+00 8.0000e+00 4.0000e+00
3.0000e+00 6.2272e+00 1.4000e+01 9.0000e+00
2.0000e+00 5.4614e+00 8.0000e+00 4.0000e+00
2.0000e+00 5.3472e+00 2.0000e+00 1.0000e+00
2.0000e+00 6.1769e+00 8.0000e+00 4.0000e+00
2.0000e+00 6.1450e+00 8.0000e+00 4.0000e+00
1.3000e+01 1.2256e+01 1.4800e+02 1.6800e+02
2.0000e+00 5.3240e+00 3.2000e+01 1.6000e+01
2.0000e+00 7.1735e+00 8.0000e+00 4.0000e+00
2.0000e+00 5.8916e+00 2.0000e+00 1.0000e+00
3.0000e+00 7.1687e+00 1.4000e+01 9.0000e+00
2.0000e+00 8.1411e+00 8.0000e+00 4.0000e+00
3.0000e+00 7.2403e+00 6.0000e+00 4.0000e+00
