# Cluster size, Rg (nm), M1, M2
1.1500e+02 3.6888e+01 1.1980e+03 1.3800e+03
1.7000e+01 1.4602e+01 1.8200e+02 1.9100e+02
3.2000e+01 2.2256e+01 2.6000e+02 2.7800e+02
1.3000e+01 1.7519e+01 1.4400e+02 1.5200e+02
3.0000e+00 6.1835e+00 2.4000e+01 1.6000e+01
5.0000e+00 1.0817e+01 3.4000e+01 2.6000e+01
8.0000e+00 1.2493e+01 7.6000e+01 6.8000e+01
5.0000e+00 1.1579e+01 3.8000e+01 3.0000e+01
2.0000e+00 6.6920e+00 2.0000e+00 1.0000e+00
1.9000e+01 1.4298e+01 2.2400e+02 2.3800e+02
2.0000e+00 5.4259e+00 1.8000e+01 9.0000e+00
2.3000e+01 1.8215e+01 2.2400e+02 2.6900e+02
2.0000e+00 5.2172e+00 1.8000e+01 9.0000e+00
2.0000e+00 4.8966e+00 3.2000e+01 1.6000e+01
4.0000e+00 9.1994e+00 1.8000e+01 1.4000e+01
2.0000e+00 5.0132e+00 8.0000e+00 4.0000e+00
4.0000e+00 6.9560e+00 2.6000e+01 2.1000e+01
2.0000e+00 6.2525e+00 1.8000e+01 9.0000e+00
2.0000e+00 4.7460e+00 1.8000e+01 9.0000e+00
2.0000e+00 5.0241e+00 3.2000e+01 1.6000e+01
5.0000e+00 7.2509e+00 5.8000e+01 6.0000e+01
2.0000e+00 4.4719e+00 8.0000e+00 4.0000e+00
2.0000e+00 5.2545e+00 8.0000e+00 4.0000e+00
4.0000e+00 7.3499e+00 4.0000e+01 3.6000e+01
2.0000e+00 6.9895e+00 1.8000e+01 9.0000e+00
2.0000e+00 5.2664e+00 2.0000e+00 1.0000e+00
3.0000e+00 7.1454e+00 2.6000e+01 1.6000e+01
4.0000e+00 1.3374e+01 2.6000e+01 2.1000e+01
2.0000e+00 5.0955e+00 8.0000e+00 4.0000e+00
2.0000e+00 6.8374e+00 8.0000e+00 4.0000e+00
2.0000e+00 6.7454e+00 2.0000e+00 1.0000e+00
2.0000e+00 5.0523e+00 1.8000e+01 9.0000e+00
2.0000e+00 5.6529e+00 2.0000e+00 1.0000e+00
9.0000e+00 1.4425e+01 9.0000e+01 9.4000e+01
6.0000e+01 2.7666e+01 6.2600e+02 6.9200e+02
5.0000e+00 6.8180e+00 7.4000e+01 7.1000e+01
2.0000e+01 2.0422e+01 2.1200e+02 2.2000e+02
1.2000e+01 1.3019e+01 9.2000e+01 9.4000e+01
3.4000e+01 3.3731e+01 3.2000e+02 3.3800e+02
3.0000e+00 6.0408e+00 2.4000e+01 1.6000e+01
2.0000e+00 4.9947e+00 1.8000e+01 9.0000e+00
8.0000e+00 1.1923e+01 6.4000e+01 6.3000e+01
3.2000e+01 2.2392e+01 2.4200e+02 2.8200e+02
2.0000e+00 5.7250e+00 2.0000e+00 1.0000e+00
7.0000e+00 1.3790e+01 6.0000e+01 5.3000e+01
9.0000e+00 1.4719e+01 7.6000e+01 9.4000e+01
4.0000e+00 9.2846e+00 3.4000e+01 2.4000e+01
2.0000e+00 5.2581e+00 8.0000e+00 4.0000e+00
5.0000e+00 9.6159e+00 4.4000e+01 3.6000e+01
2.0000e+00 6.0119e+00 1.8000e+01 9.0000e+00
1.2000e+01 1.1503e+01 1.5800e+02 1.8500e+02
2.0000e+00 6.7072e+00 2.0000e+00 1.0000e+00
1.1000e+01 1.5996e+01 8.0000e+01 7.7000e+01
3.0000e+00 7.0363e+00 1.4000e+01 9.0000e+00
2.0000e+00 5.8187e+00 1.8000e+01 9.0000e+00
4.0000e+00 6.6844e+00 4.0000e+01 3.6000e+01
3.0000e+00 6.5424e+00 2.4000e+01 1.6000e+01
4.0000e+00 6.9546e+00 5.4000e+01 4.3000e+01
3.0000e+00 6.2631e+00 4.2000e+01 2.5000e+01
3.0000e+00 1.0583e+01 1.4000e+01 9.0000e+00
9.0000e+00 1.4840e+01 6.0000e+01 6.2000e+01
2.0000e+00 7.5147e+00 2.0000e+00 1.0000e+00
6.0000e+00 1.2567e+01 5.6000e+01 4.8000e+01
2.0000e+00 6.3689e+00 8.0000e+00 4.0000e+00
4.0000e+00 8.2235e+00 3.8000e+01 3.0000e+01
2.0000e+00 7.0904e+00 1.8000e+01 9.0000e+00
2.0000e+00 6.1002e+00 1.8000e+01 9.0000e+00
3.0000e+00 6.6725e+00 1.4000e+01 9.0000e+00
2.0000e+00 4.5744e+00 5.0000e+01 2.5000e+01
2.0000e+00 6.8419e+00 2.0000e+00 1.0000e+00
2.0000e+00 4.9557e+00 1.8000e+01 9.0000e+00
2.0000e+00 5.0164e+00 1.8000e+01 9.0000e+00
2.0000e+00 5.5989e+00 8.0000e+00 4.0000e+00
2.0000e+00 5.9160e+00 8.0000e+00 4.0000e+00
4.0000e+00 1.2099e+01 3.0000e+01 2.2000e+01
4.9000e+01 2.6212e+01 5.4400e+02 6.2400e+02
2.0000e+00 5.0754e+00 2.0000e+00 1.0000e+00
4.0000e+00 8.4160e+00 2.2000e+01 1.6000e+01
2.0000e+00 5.2376e+00 2.0000e+00 1.0000e+00
8.0000e+00 1.3150e+01 5.0000e+01 4.4000e+01
3.0000e+00 6.3418e+00 1.4000e+01 9.0000e+00
5.0000e+00 9.0720e+00 5.4000e+01 4.0000e+01
1.5000e+01 1.3920e+01 1.7600e+02 1.8900e+02
2.0000e+00 5.5488e+00 1.8000e+01 9.0000e+00
6.0000e+00 1.2795e+01 5.0000e+01 4.4000e+01
1.1000e+01 1.2052e+01 1.0800e+02 1.0500e+02
2.0000e+00 5.2624e+00 2.0000e+00 1.0000e+00
2.0000e+00 5.1799e+00 8.0000e+00 4.0000e+00
4.0000e+00 7.4839e+00 1.8000e+01 1.4000e+01
1.1000e+01 1.3535e+01 1.1600e+02 1.0900e+02
5.0000e+00 9.0778e+00 1.6000e+01 1.4000e+01
9.0000e+00 9.7478e+00 9.0000e+01 8.5000e+01
2.9000e+01 2.0581e+01 3.5200e+02 3.9000e+02
2.0000e+00 5.5387e+00 3.2000e+01 1.6000e+01
3.0000e+00 6.5130e+00 2.6000e+01 1.6000e+01
5.0000e+00 7.8823e+00 4.0000e+01 3.3000e+01
3.0000e+00 9.3999e+00 2.4000e+01 1.6000e+01
1.3000e+01 1.6642e+01 9.8000e+01 9.5000e+01
1.4000e+01 1.6407e+01 1.0800e+02 1.0900e+02
2.0000e+00 4.9212e+00 1.8000e+01 9.0000e+00
7.0000e+00 1.1044e+01 7.2000e+01 6.2000e+01
2.0000e+00 7.3049e+00 1.8000e+01 9.0000e+00
2.0000e+00 5.2787e+00 3.2000e+01 1.6000e+01
2.0000e+00 5.7351e+00 8.0000e+00 4.0000e+00
2.0000e+00 5.1228e+00 3.2000e+01 1.6000e+01
6.0000e+00 1.0944e+01 4.2000e+01 3.6000e+01
3.0000e+00 7.4506e+00 6.0000e+00 4.0000e+00
2.0000e+00 6.2012e+00 2.0000e+00 1.0000e+00
3.0000e+00 8.1093e+00 1.4000e+01 9.0000e+00
2.0000e+00 4.9066e+00 8.0000e+00 4.0000e+00
5.0000e+00 1.0092e+01 5.6000e+01 4.5000e+01
8.0000e+00 1.5689e+01 4.8000e+01 4.4000e+01
2.0000e+00 5.1379e+00 8.0000e+00 4.0000e+00
2.0000e+00 4.5776e+00 8.0000e+00 4.0000e+00
4.0000e+00 7.6287e+00 4.0000e+01 3.2000e+01
4.0000e+00 9.5860e+00 4.4000e+01 3.3000e+01
2.0000e+00 6.1616e+00 3.2000e+01 1.6000e+01
2.0000e+00 7.7082e+00 8.0000e+00 4.0000e+00
3.0000e+00 6.2476e+00 2.6000e+01 1.6000e+01
3.0000e+00 8.9473e+00 2.6000e+01 1.6000e+01
3.0000e+00 8.4163e+00 4.2000e+01 2.5000e+01
2.0000e+00 5.8838e+00 8.0000e+00 4.0000e+00
2.0000e+00 5.2422e+00 1.8000e+01 9.0000e+00
2.0000e+00 6.0558e+00 8.0000e+00 4.0000e+00
2.0000e+00 5.3402e+00 2.0000e+00 1.0000e+00
2.0000e+00 5.7365e+00 8.0000e+00 4.0000e+00
