# Cluster size, Rg (nm), M1, M2
4.0000e+00 6.8897e+00 5.4000e+01 4.1000e+01
4.8000e+01 2.6276e+01 5.8000e+02 6.6600e+02
3.0000e+00 5.5929e+00 3.8000e+01 2.5000e+01
1.1100e+02 2.8673e+01 1.2200e+03 1.4390e+03
6.0000e+00 8.1522e+00 4.6000e+01 4.4000e+01
1.1000e+01 1.7651e+01 1.2200e+02 1.2700e+02
1.0000e+01 1.2146e+01 8.6000e+01 8.9000e+01
2.0000e+00 5.6843e+00 8.0000e+00 4.0000e+00
4.0000e+00 9.3005e+00 1.8000e+01 1.4000e+01
2.0000e+00 5.7823e+00 8.0000e+00 4.0000e+00
9.0000e+00 1.6407e+01 9.8000e+01 9.5000e+01
2.1000e+01 1.7238e+01 1.4800e+02 1.7100e+02
3.0000e+00 7.8679e+00 2.4000e+01 1.6000e+01
1.1000e+01 1.5849e+01 1.1800e+02 1.0300e+02
7.0000e+00 8.2461e+00 4.6000e+01 5.2000e+01
4.0000e+00 1.1232e+01 3.8000e+01 3.0000e+01
7.0000e+00 1.0653e+01 1.0600e+02 8.9000e+01
8.0000e+00 1.1318e+01 7.6000e+01 7.3000e+01
2.0000e+00 6.0715e+00 1.8000e+01 9.0000e+00
4.0000e+00 6.5292e+00 2.0000e+01 1.5000e+01
2.0000e+00 4.7263e+00 8.0000e+00 4.0000e+00
2.0000e+00 5.1690e+00 1.8000e+01 9.0000e+00
2.0000e+00 5.2023e+00 1.8000e+01 9.0000e+00
2.0000e+00 5.4674e+00 8.0000e+00 4.0000e+00
3.0000e+00 7.4829e+00 1.4000e+01 9.0000e+00
3.0000e+00 9.7667e+00 1.4000e+01 9.0000e+00
2.0000e+00 6.0574e+00 3.2000e+01 1.6000e+01
3.0000e+00 7.8623e+00 2.4000e+01 1.6000e+01
2.0000e+00 6.6569e+00 2.0000e+00 1.0000e+00
2.0000e+00 4.8534e+00 3.2000e+01 1.6000e+01
1.2000e+01 1.1943e+01 1.4200e+02 1.4700e+02
1.1000e+01 1.6111e+01 6.4000e+01 5.9000e+01
5.0000e+00 8.2133e+00 4.2000e+01 3.2000e+01
4.0000e+00 7.0415e+00 5.0000e+01 4.0000e+01
1.0500e+02 3.2592e+01 9.6600e+02 1.0680e+03
1.3000e+01 1.2557e+01 1.4400e+02 1.5900e+02
6.0000e+00 8.7755e+00 5.4000e+01 5.6000e+01
3.0000e+00 1.0213e+01 6.0000e+00 4.0000e+00
2.0000e+00 4.4665e+00 3.2000e+01 1.6000e+01
2.0000e+00 7.1659e+00 2.0000e+00 1.0000e+00
2.0000e+00 5.9884e+00 2.0000e+00 1.0000e+00
8.0000e+00 9.7032e+00 8.8000e+01 9.8000e+01
3.0000e+00 6.4199e+00 2.4000e+01 1.6000e+01
4.0000e+00 6.8285e+00 3.8000e+01 3.0000e+01
6.0000e+00 1.0978e+01 1.1600e+02 1.0000e+02
4.0000e+00 7.8005e+00 1.0000e+01 8.0000e+00
3.0000e+00 8.6465e+00 1.4000e+01 9.0000e+00
2.0000e+00 8.1363e+00 2.0000e+00 1.0000e+00
1.0000e+01 1.1525e+01 9.2000e+01 9.4000e+01
4.0000e+00 6.3485e+00 3.4000e+01 2.5000e+01
2.0000e+00 5.5834e+00 8.0000e+00 4.0000e+00
6.0000e+00 9.0363e+00 6.2000e+01 6.3000e+01
3.0000e+00 8.4252e+00 2.6000e+01 1.6000e+01
3.0000e+00 8.5323e+00 6.0000e+00 4.0000e+00
1.1000e+01 1.1138e+01 1.3600e+02 1.5000e+02
3.0000e+00 7.7432e+00 1.4000e+01 9.0000e+00
1.4000e+01 1.3205e+01 1.8200e+02 2.2300e+02
6.0000e+00 9.0495e+00 4.6000e+01 4.1000e+01
3.0000e+00 9.0547e+00 6.0000e+00 4.0000e+00
3.0000e+00 6.8630e+00 1.4000e+01 9.0000e+00
2.0000e+00 7.2442e+00 2.0000e+00 1.0000e+00
2.0000e+00 5.5228e+00 1.8000e+01 9.0000e+00
3.0000e+00 7.2354e+00 2.6000e+01 1.6000e+01
2.0000e+00 5.8832e+00 8.0000e+00 4.0000e+00
9.0000e+00 1.0750e+01 1.0800e+02 1.0600e+02
2.0000e+00 5.8235e+00 8.0000e+00 4.0000e+00
2.0000e+00 6.6266e+00 8.0000e+00 4.0000e+00
2.0000e+00 7.1804e+00 1.8000e+01 9.0000e+00
2.0000e+00 6.4957e+00 2.0000e+00 1.0000e+00
2.0000e+00 4.6749e+00 1.8000e+01 9.0000e+00
2.0000e+00 7.5239e+00 2.0000e+00 1.0000e+00
3.0000e+00 8.7698e+00 2.6000e+01 1.6000e+01
2.0000e+00 5.8379e+00 2.0000e+00 1.0000e+00
1.4000e+01 2.1028e+01 1.1600e+02 1.1400e+02
3.4000e+01 2.3737e+01 3.4600e+02 3.8700e+02
2.0000e+00 5.5569e+00 1.8000e+01 9.0000e+00
3.0000e+00 8.2615e+00 2.6000e+01 1.6000e+01
4.7000e+01 2.5207e+01 4.6400e+02 5.2500e+02
2.0000e+00 4.8047e+00 1.8000e+01 9.0000e+00
1.6000e+01 1.8638e+01 1.5200e+02 1.5200e+02
2.9000e+01 1.8448e+01 2.6200e+02 2.7200e+02
2.7000e+01 2.0215e+01 2.0600e+02 2.3400e+02
5.0000e+00 7.6443e+00 7.4000e+01 7.1000e+01
1.4000e+01 1.7401e+01 1.1800e+02 1.2500e+02
2.0000e+00 6.0856e+00 8.0000e+00 4.0000e+00
2.0000e+00 6.9482e+00 8.0000e+00 4.0000e+00
4.0000e+00 1.1405e+01 1.2000e+01 9.0000e+00
5.0000e+00 9.3979e+00 5.6000e+01 4.5000e+01
3.0000e+00 7.9552e+00 1.4000e+01 9.0000e+00
1.0000e+01 1.0515e+01 1.4000e+02 1.7400e+02
3.0000e+00 8.2836e+00 6.0000e+00 4.0000e+00
3.0000e+00 7.9098e+00 2.6000e+01 1.6000e+01
2.0000e+00 4.4745e+00 3.2000e+01 1.6000e+01
3.0000e+00 8.3781e+00 1.4000e+01 9.0000e+00
7.0000e+00 1.0043e+01 6.6000e+01 6.2000e+01
2.0000e+00 7.7765e+00 8.0000e+00 4.0000e+00
6.0000e+00 9.8640e+00 4.8000e+01 4.2000e+01
2.0000e+00 5.0695e+00 3.2000e+01 1.6000e+01
4.0000e+00 7.5938e+00 2.0000e+01 1.5000e+01
2.0000e+00 5.7255e+00 1.8000e+01 9.0000e+00
2.0000e+00 7.1235e+00 8.0000e+00 4.0000e+00
2.0000e+00 4.9853e+00 1.8000e+01 9.0000e+00
5.0000e+00 9.0905e+00 6.2000e+01 5.2000e+01
3.0000e+00 7.2562e+00 1.4000e+01 9.0000e+00
2.0000e+00 6.3858e+00 8.0000e+00 4.0000e+00
2.0000e+00 6.4292e+00 2.0000e+00 1.0000e+00
2.0000e+00 4.9837e+00 1.8000e+01 9.0000e+00
3.0000e+00 6.7842e+00 4.2000e+01 2.5000e+01
2.0000e+00 5.7805e+00 8.0000e+00 4.0000e+00
3.0000e+00 6.4094e+00 1.4000e+01 9.0000e+00
2.0000e+00 7.0795e+00 2.0000e+00 1.0000e+00
2.0000e+00 5.5271e+00 8.0000e+00 4.0000e+00
2.0000e+00 5.5317e+00 8.0000e+00 4.0000e+00
3.0000e+00 7.3555e+00 2.4000e+01 1.6000e+01
2.0000e+00 6.4676e+00 8.0000e+00 4.0000e+00
2.0000e+00 5.0841e+00 1.8000e+01 9.0000e+00
2.0000e+00 4.2472e+00 1.8000e+01 9.0000e+00
2.0000e+00 4.7132e+00 3.2000e+01 1.6000e+01
