# Cluster size, Rg (nm), M1, M2
7.7000e+01 3.0446e+01 8.8000e+02 1.0320e+03
2.0000e+00 5.5244e+00 2.0000e+00 1.0000e+00
1.5000e+01 2.0212e+01 1.0800e+02 1.1300e+02
3.0000e+00 6.5090e+00 2.4000e+01 1.6000e+01
3.1000e+01 2.9598e+01 2.8000e+02 2.9000e+02
4.4000e+01 2.4867e+01 4.2400e+02 4.6300e+02
9.0000e+00 1.2554e+01 9.2000e+01 8.2000e+01
2.0000e+00 4.8084e+00 1.8000e+01 9.0000e+00
8.0000e+00 1.3173e+01 9.6000e+01 8.7000e+01
7.0000e+00 9.1280e+00 7.6000e+01 8.8000e+01
2.0000e+00 5.8838e+00 1.8000e+01 9.0000e+00
5.0000e+00 8.7504e+00 5.2000e+01 4.1000e+01
1.1000e+01 1.3587e+01 1.1400e+02 1.1300e+02
4.0000e+00 7.9753e+00 3.8000e+01 3.0000e+01
8.0000e+00 1.3319e+01 6.8000e+01 5.7000e+01
5.0000e+00 1.1358e+01 3.0000e+01 2.4000e+01
3.0000e+00 8.3145e+00 4.2000e+01 2.5000e+01
9.0000e+00 1.4854e+01 1.0000e+02 1.1000e+02
2.0000e+00 5.4253e+00 5.0000e+01 2.5000e+01
1.0000e+01 1.4246e+01 1.1000e+02 1.0100e+02
3.0000e+00 5.6858e+00 2.6000e+01 1.6000e+01
2.0000e+00 5.3295e+00 8.0000e+00 4.0000e+00
2.0000e+00 5.6369e+00 1.8000e+01 9.0000e+00
2.0000e+00 6.2290e+00 8.0000e+00 4.0000e+00
2.0000e+00 5.0406e+00 5.0000e+01 2.5000e+01
2.0000e+00 5.8476e+00 2.0000e+00 1.0000e+00
5.0000e+00 1.0019e+01 4.2000e+01 3.2000e+01
2.0000e+00 5.6672e+00 1.8000e+01 9.0000e+00
4.0000e+00 6.7767e+00 2.6000e+01 2.1000e+01
2.0000e+00 6.6582e+00 2.0000e+00 1.0000e+00
3.0000e+00 6.9905e+00 1.4000e+01 9.0000e+00
2.0000e+00 5.1364e+00 1.8000e+01 9.0000e+00
5.0000e+00 1.0951e+01 4.6000e+01 3.9000e+01
2.0000e+00 6.4949e+00 2.0000e+00 1.0000e+00
3.0000e+00 8.3641e+00 6.0000e+00 4.0000e+00
4.0000e+00 6.6321e+00 6.8000e+01 5.5000e+01
3.0000e+00 8.9007e+00 1.4000e+01 9.0000e+00
2.0000e+00 7.0495e+00 8.0000e+00 4.0000e+00
2.0000e+00 7.4473e+00 2.0000e+00 1.0000e+00
2.0000e+00 4.5740e+00 3.2000e+01 1.6000e+01
1.1100e+02 3.2504e+01 1.0220e+03 1.1770e+03
5.0000e+00 9.3093e+00 2.4000e+01 2.0000e+01
3.0000e+00 7.0407e+00 1.4000e+01 9.0000e+00
2.3000e+01 1.9601e+01 2.6200e+02 2.7300e+02
2.0000e+00 5.6500e+00 1.8000e+01 9.0000e+00
2.5000e+01 2.4160e+01 2.3400e+02 2.7600e+02
2.0000e+00 5.2637e+00 8.0000e+00 4.0000e+00
2.0000e+00 5.3854e+00 1.8000e+01 9.0000e+00
6.0000e+00 8.0958e+00 8.2000e+01 8.1000e+01
3.0000e+00 8.2621e+00 1.4000e+01 9.0000e+00
7.0000e+00 1.3957e+01 5.2000e+01 4.8000e+01
1.3000e+01 1.5184e+01 1.0400e+02 9.6000e+01
2.0000e+00 5.3207e+00 3.2000e+01 1.6000e+01
2.0000e+00 1.0052e+01 2.0000e+00 1.0000e+00
2.0000e+00 5.8762e+00 2.0000e+00 1.0000e+00
4.0000e+00 7.4141e+00 6.8000e+01 6.4000e+01
3.0000e+00 7.2803e+00 2.4000e+01 1.6000e+01
2.0000e+00 5.8133e+00 8.0000e+00 4.0000e+00
4.0000e+00 8.9228e+00 4.0000e+01 3.2000e+01
3.0000e+00 9.0465e+00 2.4000e+01 1.6000e+01
1.2000e+01 1.3029e+01 1.2800e+02 1.4700e+02
2.0000e+00 6.3174e+00 2.0000e+00 1.0000e+00
4.0000e+00 8.6049e+00 5.4000e+01 4.1000e+01
6.0000e+00 1.0291e+01 6.2000e+01 5.5000e+01
4.0000e+00 8.1390e+00 3.0000e+01 2.3000e+01
3.0000e+00 7.4097e+00 2.4000e+01 1.6000e+01
2.0000e+00 5.5406e+00 2.0000e+00 1.0000e+00
5.0000e+00 1.2484e+01 2.2000e+01 1.8000e+01
3.0000e+00 6.6939e+00 1.4000e+01 9.0000e+00
2.0000e+00 5.6698e+00 3.2000e+01 1.6000e+01
2.0000e+00 5.6621e+00 1.8000e+01 9.0000e+00
2.0000e+00 5.3762e+00 3.2000e+01 1.6000e+01
5.0000e+00 8.8664e+00 5.4000e+01 4.4000e+01
2.0000e+00 5.2272e+00 1.8000e+01 9.0000e+00
2.0000e+00 5.8082e+00 8.0000e+00 4.0000e+00
2.0000e+00 4.5923e+00 3.2000e+01 1.6000e+01
2.0000e+00 5.6395e+00 2.0000e+00 1.0000e+00
2.0000e+00 5.3069e+00 8.0000e+00 4.0000e+00
2.0000e+00 6.7901e+00 8.0000e+00 4.0000e+00
2.0000e+00 4.2396e+00 3.2000e+01 1.6000e+01
2.1000e+01 1.4976e+01 2.0200e+02 2.2300e+02
6.3000e+01 2.9201e+01 7.1200e+02 7.6600e+02
7.7000e+01 2.5945e+01 7.9400e+02 9.2300e+02
5.0000e+00 7.9072e+00 5.8000e+01 6.0000e+01
4.0000e+00 6.0322e+00 6.6000e+01 5.2000e+01
5.0000e+00 8.1817e+00 4.0000e+01 3.2000e+01
2.0000e+00 5.3353e+00 8.0000e+00 4.0000e+00
1.0000e+01 1.0897e+01 1.1400e+02 1.2800e+02
6.0000e+00 1.2150e+01 2.6000e+01 2.2000e+01
2.0000e+00 4.9175e+00 8.0000e+00 4.0000e+00
5.0000e+00 8.1023e+00 5.0000e+01 4.3000e+01
3.0000e+00 6.5153e+00 2.6000e+01 1.6000e+01
1.1000e+01 1.6194e+01 8.0000e+01 7.4000e+01
7.0000e+00 1.1656e+01 7.2000e+01 5.9000e+01
7.0000e+00 9.2211e+00 5.2000e+01 6.3000e+01
2.0000e+00 7.1275e+00 1.8000e+01 9.0000e+00
3.0000e+00 7.4596e+00 2.6000e+01 1.6000e+01
6.0000e+00 8.8281e+00 3.6000e+01 3.0000e+01
5.0000e+00 8.7121e+00 7.0000e+01 5.5000e+01
4.0000e+00 9.6898e+00 2.0000e+01 1.5000e+01
3.0000e+00 9.4273e+00 6.0000e+00 4.0000e+00
5.0000e+00 7.5636e+00 5.0000e+01 4.7000e+01
2.0000e+00 5.6765e+00 1.8000e+01 9.0000e+00
4.0000e+00 9.1184e+00 2.6000e+01 2.1000e+01
5.0000e+00 7.9891e+00 5.8000e+01 4.8000e+01
3.0000e+00 8.2823e+00 2.6000e+01 1.6000e+01
3.0000e+00 7.8771e+00 2.6000e+01 1.6000e+01
2.0000e+00 5.6226e+00 1.8000e+01 9.0000e+00
2.0000e+00 5.3052e+00 1.8000e+01 9.0000e+00
2.0000e+00 5.2250e+00 1.8000e+01 9.0000e+00
2.0000e+00 5.4225e+00 1.8000e+01 9.0000e+00
2.0000e+00 6.0480e+00 8.0000e+00 4.0000e+00
2.0000e+00 5.8625e+00 8.0000e+00 4.0000e+00
3.0000e+00 7.4670e+00 1.4000e+01 9.0000e+00
2.0000e+00 8.5368e+00 2.0000e+00 1.0000e+00
3.0000e+00 5.3456e+00 3.8000e+01 2.5000e+01
2.0000e+00 5.3240e+00 8.0000e+00 4.0000e+00
2.0000e+00 5.7303e+00 8.0000e+00 4.0000e+00
2.0000e+00 4.1693e+00 3.2000e+01 1.6000e+01
3.0000e+00 6.8343e+00 1.4000e+01 9.0000e+00
2.0000e+00 4.8471e+00 5.0000e+01 2.5000e+01
2.0000e+00 6.7248e+00 2.0000e+00 1.0000e+00
