# Cluster size, Rg (nm), M1, M2
2.9000e+01 2.1106e+01 2.8800e+02 2.9900e+02
3.0000e+00 6.0244e+00 2.4000e+01 1.6000e+01
8.0000e+00 9.9697e+00 7.6000e+01 7.6000e+01
4.7000e+01 2.1783e+01 4.3600e+02 4.6800e+02
3.0000e+00 7.4698e+00 2.6000e+01 1.6000e+01
1.4000e+01 1.3127e+01 1.7200e+02 1.9200e+02
9.0000e+00 1.0388e+01 7.8000e+01 8.3000e+01
1.5000e+01 1.8668e+01 1.7000e+02 1.7800e+02
2.0000e+00 5.1541e+00 1.8000e+01 9.0000e+00
2.0000e+00 4.4977e+00 1.8000e+01 9.0000e+00
2.0000e+00 5.9885e+00 8.0000e+00 4.0000e+00
2.0000e+00 5.3157e+00 8.0000e+00 4.0000e+00
3.0000e+00 7.2424e+00 2.4000e+01 1.6000e+01
4.0000e+00 8.5817e+00 2.0000e+01 1.5000e+01
1.7000e+01 1.6943e+01 1.5800e+02 1.5700e+02
3.3000e+01 1.9148e+01 3.5000e+02 4.1100e+02
4.0000e+00 7.1305e+00 5.4000e+01 4.9000e+01
1.0000e+01 1.1992e+01 1.2000e+02 1.0800e+02
2.0000e+00 4.8686e+00 1.8000e+01 9.0000e+00
2.0000e+00 7.3547e+00 8.0000e+00 4.0000e+00
3.0000e+00 7.1276e+00 1.4000e+01 9.0000e+00
2.2000e+01 1.8795e+01 2.3000e+02 2.4800e+02
1.4000e+01 1.2506e+01 1.5800e+02 1.8000e+02
6.0000e+00 1.0370e+01 7.4000e+01 6.6000e+01
4.0000e+00 9.3940e+00 3.0000e+01 2.2000e+01
4.0000e+00 8.3429e+00 4.4000e+01 3.3000e+01
2.0000e+00 4.4026e+00 3.2000e+01 1.6000e+01
2.0000e+00 5.3523e+00 1.8000e+01 9.0000e+00
2.0000e+00 4.3754e+00 1.8000e+01 9.0000e+00
2.0000e+00 5.3411e+00 8.0000e+00 4.0000e+00
7.0000e+00 1.1642e+01 7.6000e+01 6.5000e+01
4.0000e+00 6.9359e+00 4.4000e+01 3.3000e+01
2.0000e+00 5.4554e+00 3.2000e+01 1.6000e+01
2.0000e+00 5.0686e+00 8.0000e+00 4.0000e+00
2.0000e+00 6.1834e+00 2.0000e+00 1.0000e+00
4.0000e+00 6.7726e+00 3.8000e+01 3.0000e+01
5.0000e+00 7.9112e+00 5.8000e+01 4.8000e+01
2.0000e+00 6.3953e+00 2.0000e+00 1.0000e+00
5.0000e+00 9.2529e+00 3.4000e+01 2.8000e+01
2.0000e+00 5.6127e+00 8.0000e+00 4.0000e+00
1.3000e+01 1.2936e+01 1.4000e+02 1.5200e+02
8.5000e+01 3.0237e+01 9.5400e+02 1.1240e+03
4.8000e+01 2.7377e+01 5.0400e+02 5.3500e+02
2.0000e+00 5.6559e+00 1.8000e+01 9.0000e+00
4.0000e+00 8.7327e+00 3.8000e+01 3.0000e+01
5.0000e+00 8.3088e+00 3.4000e+01 3.0000e+01
4.0000e+00 6.5161e+00 3.6000e+01 3.6000e+01
1.0000e+01 1.4449e+01 8.2000e+01 8.2000e+01
1.6000e+01 2.0015e+01 1.0400e+02 1.1200e+02
9.0000e+00 1.1125e+01 6.8000e+01 6.4000e+01
3.0000e+00 6.4945e+00 2.6000e+01 1.6000e+01
5.0000e+00 9.9521e+00 2.2000e+01 1.8000e+01
2.0000e+00 5.4928e+00 8.0000e+00 4.0000e+00
3.0000e+00 6.4726e+00 4.2000e+01 2.5000e+01
2.0000e+00 4.9918e+00 3.2000e+01 1.6000e+01
8.0000e+00 1.1439e+01 7.2000e+01 6.7000e+01
7.0000e+00 1.1555e+01 8.0000e+01 7.2000e+01
2.0000e+00 6.3694e+00 8.0000e+00 4.0000e+00
5.0000e+00 8.8411e+00 2.4000e+01 2.0000e+01
8.0000e+00 9.5723e+00 1.1800e+02 1.2700e+02
2.0000e+00 5.8663e+00 8.0000e+00 4.0000e+00
3.0000e+00 5.8923e+00 2.6000e+01 1.6000e+01
3.0000e+00 9.5426e+00 1.4000e+01 9.0000e+00
2.0000e+00 5.2148e+00 8.0000e+00 4.0000e+00
3.0000e+00 9.0818e+00 2.6000e+01 1.6000e+01
2.0000e+00 4.8884e+00 8.0000e+00 4.0000e+00
1.2000e+01 1.3404e+01 1.1000e+02 1.1500e+02
4.0000e+00 8.7506e+00 3.0000e+01 2.3000e+01
2.0000e+00 8.6322e+00 2.0000e+00 1.0000e+00
2.0000e+00 6.0742e+00 8.0000e+00 4.0000e+00
2.0000e+00 5.3638e+00 1.8000e+01 9.0000e+00
2.0000e+00 4.7959e+00 1.8000e+01 9.0000e+00
3.0000e+00 8.1738e+00 6.0000e+00 4.0000e+00
4.0000e+00 7.5430e+00 5.0000e+01 4.0000e+01
2.0000e+00 5.6935e+00 3.2000e+01 1.6000e+01
2.0000e+00 5.7577e+00 8.0000e+00 4.0000e+00
2.0000e+00 7.3069e+00 8.0000e+00 4.0000e+00
3.0000e+00 7.4818e+00 1.4000e+01 9.0000e+00
3.0000e+00 9.9504e+00 2.6000e+01 1.6000e+01
2.0000e+00 5.3733e+00 1.8000e+01 9.0000e+00
1.5000e+01 1.6272e+01 1.6200e+02 1.6300e+02
3.2000e+01 2.1654e+01 2.8200e+02 2.9400e+02
4.0000e+00 8.0290e+00 3.0000e+01 2.3000e+01
5.0000e+00 9.4187e+00 3.4000e+01 2.8000e+01
7.0000e+01 2.7470e+01 6.5800e+02 7.4700e+02
2.3000e+01 1.9564e+01 2.6000e+02 2.6000e+02
5.0000e+00 1.0056e+01 4.6000e+01 4.0000e+01
2.0000e+00 5.3313e+00 1.8000e+01 9.0000e+00
2.0000e+00 5.5305e+00 1.8000e+01 9.0000e+00
9.0000e+00 1.1821e+01 1.0800e+02 1.2400e+02
6.0000e+00 1.0086e+01 3.8000e+01 3.3000e+01
1.0000e+01 1.3574e+01 9.0000e+01 8.2000e+01
4.0000e+00 6.7955e+00 2.6000e+01 2.1000e+01
4.0000e+00 7.5340e+00 3.8000e+01 3.0000e+01
2.0000e+00 5.7386e+00 2.0000e+00 1.0000e+00
5.0000e+00 9.4999e+00 7.0000e+01 5.8000e+01
3.1000e+01 1.8508e+01 2.5600e+02 2.8500e+02
6.0000e+00 1.0484e+01 4.8000e+01 5.0000e+01
1.1000e+01 1.3557e+01 7.8000e+01 8.3000e+01
4.0000e+00 8.7722e+00 3.0000e+01 2.2000e+01
5.0000e+00 9.2891e+00 4.4000e+01 4.6000e+01
3.0000e+00 9.4160e+00 6.0000e+00 4.0000e+00
5.0000e+00 1.0931e+01 5.0000e+01 3.6000e+01
8.0000e+00 1.4024e+01 5.8000e+01 5.4000e+01
4.0000e+00 8.0780e+00 5.4000e+01 4.9000e+01
2.0000e+00 6.3660e+00 2.0000e+00 1.0000e+00
2.0000e+00 5.3223e+00 1.8000e+01 9.0000e+00
2.0000e+00 5.6584e+00 1.8000e+01 9.0000e+00
4.0000e+00 1.0719e+01 1.8000e+01 1.4000e+01
2.0000e+00 5.5612e+00 8.0000e+00 4.0000e+00
5.0000e+00 8.5566e+00 4.0000e+01 3.2000e+01
3.0000e+00 7.1206e+00 1.4000e+01 9.0000e+00
3.0000e+00 8.0389e+00 6.0000e+00 4.0000e+00
3.0000e+00 6.4641e+00 1.4000e+01 9.0000e+00
2.0000e+00 6.6612e+00 2.0000e+00 1.0000e+00
