# Cluster size, Rg (nm), M1, M2
4.6000e+01 2.4614e+01 4.0200e+02 4.3000e+02
2.8000e+01 1.9911e+01 2.7600e+02 3.1400e+02
6.0000e+00 9.9819e+00 5.8000e+01 4.6000e+01
1.7000e+01 1.7551e+01 1.7000e+02 1.9700e+02
7.0000e+00 8.9533e+00 7.2000e+01 7.4000e+01
2.0000e+00 5.6562e+00 1.8000e+01 9.0000e+00
6.0000e+00 1.1112e+01 6.6000e+01 6.7000e+01
1.1000e+01 1.3964e+01 1.0600e+02 1.0900e+02
6.0000e+00 7.4306e+00 5.6000e+01 7.5000e+01
1.6000e+01 1.6714e+01 1.2000e+02 1.1900e+02
4.0000e+00 6.6031e+00 5.4000e+01 4.9000e+01
2.0000e+01 2.2270e+01 1.9000e+02 2.1700e+02
7.0000e+00 1.0278e+01 7.0000e+01 5.8000e+01
4.0000e+00 7.8078e+00 3.8000e+01 3.0000e+01
4.0000e+00 7.8970e+00 2.6000e+01 2.5000e+01
1.2000e+01 1.4464e+01 1.3400e+02 1.2500e+02
1.1000e+01 1.1425e+01 8.4000e+01 9.4000e+01
7.0000e+00 1.2775e+01 8.0000e+01 7.6000e+01
1.3000e+01 1.4599e+01 1.3200e+02 1.4300e+02
6.0000e+00 8.8604e+00 5.2000e+01 4.4000e+01
3.0000e+00 5.8566e+00 2.6000e+01 1.6000e+01
2.0000e+00 5.6321e+00 8.0000e+00 4.0000e+00
2.0000e+00 5.3170e+00 8.0000e+00 4.0000e+00
2.0000e+00 5.5463e+00 3.2000e+01 1.6000e+01
2.0000e+00 5.4824e+00 1.8000e+01 9.0000e+00
2.0000e+00 5.0574e+00 1.8000e+01 9.0000e+00
4.0000e+00 9.2297e+00 1.8000e+01 1.4000e+01
2.0000e+00 5.7792e+00 1.8000e+01 9.0000e+00
1.0000e+01 1.1349e+01 9.4000e+01 9.6000e+01
2.0000e+00 6.8166e+00 8.0000e+00 4.0000e+00
2.0000e+00 6.2296e+00 2.0000e+00 1.0000e+00
2.0000e+00 6.0969e+00 2.0000e+00 1.0000e+00
2.0000e+00 6.6559e+00 2.0000e+00 1.0000e+00
2.0000e+00 5.7488e+00 2.0000e+00 1.0000e+00
1.9000e+01 1.5927e+01 2.0400e+02 2.0100e+02
4.0000e+00 9.7611e+00 4.0000e+01 3.2000e+01
2.0000e+00 5.9550e+00 8.0000e+00 4.0000e+00
2.0000e+00 5.1625e+00 8.0000e+00 4.0000e+00
2.0000e+00 5.3151e+00 1.8000e+01 9.0000e+00
1.8000e+01 2.0615e+01 1.7600e+02 1.7800e+02
2.0000e+00 5.4336e+00 1.8000e+01 9.0000e+00
2.0000e+00 6.2758e+00 2.0000e+00 1.0000e+00
1.7000e+01 2.1201e+01 1.1200e+02 1.0600e+02
3.9000e+01 2.4446e+01 3.2200e+02 3.2400e+02
2.5000e+01 1.6632e+01 2.8200e+02 3.5300e+02
7.6000e+01 3.2757e+01 8.0000e+02 9.3600e+02
2.0000e+00 4.9998e+00 3.2000e+01 1.6000e+01
4.0000e+00 9.8578e+00 5.0000e+01 4.0000e+01
1.3000e+01 1.3038e+01 1.4400e+02 1.3100e+02
2.0000e+00 5.5885e+00 1.8000e+01 9.0000e+00
2.0000e+00 8.4674e+00 1.8000e+01 9.0000e+00
9.0000e+00 1.1677e+01 1.0200e+02 9.5000e+01
5.0000e+00 9.8811e+00 4.6000e+01 3.9000e+01
4.0000e+00 8.4855e+00 3.0000e+01 2.3000e+01
5.0000e+00 9.2330e+00 4.8000e+01 4.1000e+01
2.0000e+00 6.2216e+00 8.0000e+00 4.0000e+00
2.0000e+00 5.1259e+00 3.2000e+01 1.6000e+01
1.6000e+01 1.6214e+01 1.3800e+02 1.3600e+02
4.0000e+00 7.4551e+00 1.8000e+01 1.4000e+01
4.0000e+00 7.3364e+00 3.8000e+01 3.0000e+01
3.0000e+00 8.1214e+00 6.0000e+00 4.0000e+00
3.0000e+00 9.5859e+00 6.0000e+00 4.0000e+00
3.0000e+00 7.2606e+00 2.6000e+01 1.6000e+01
2.0000e+00 5.7822e+00 2.0000e+00 1.0000e+00
2.0000e+00 4.9868e+00 3.2000e+01 1.6000e+01
2.0000e+00 5.6126e+00 1.8000e+01 9.0000e+00
2.0000e+00 5.3664e+00 8.0000e+00 4.0000e+00
6.0000e+00 1.3028e+01 2.6000e+01 2.2000e+01
2.0000e+00 5.2676e+00 8.0000e+00 4.0000e+00
4.0000e+00 6.9055e+00 5.4000e+01 4.3000e+01
2.0000e+00 5.9998e+00 8.0000e+00 4.0000e+00
2.0000e+00 5.9482e+00 1.8000e+01 9.0000e+00
2.0000e+00 4.7706e+00 8.0000e+00 4.0000e+00
5.0000e+00 9.0272e+00 4.2000e+01 3.2000e+01
2.0000e+00 4.5351e+00 1.8000e+01 9.0000e+00
2.0000e+00 5.9367e+00 3.2000e+01 1.6000e+01
2.0000e+00 6.6146e+00 3.2000e+01 1.6000e+01
2.0000e+00 4.3709e+00 5.0000e+01 2.5000e+01
2.0000e+00 7.0201e+00 2.0000e+00 1.0000e+00
7.0000e+00 1.0319e+01 7.4000e+01 7.3000e+01
1.8900e+02 3.6429e+01 1.9900e+03 2.3720e+03
1.0000e+01 1.0359e+01 6.8000e+01 6.0000e+01
4.0000e+00 7.2683e+00 2.6000e+01 2.1000e+01
8.0000e+00 1.1727e+01 8.2000e+01 8.8000e+01
3.0000e+00 8.5152e+00 6.0000e+00 4.0000e+00
2.0000e+00 5.1092e+00 1.8000e+01 9.0000e+00
2.0000e+00 6.7389e+00 8.0000e+00 4.0000e+00
2.0000e+00 7.5048e+00 8.0000e+00 4.0000e+00
5.0000e+00 1.0116e+01 4.6000e+01 3.8000e+01
3.0000e+00 7.3119e+00 1.4000e+01 9.0000e+00
1.1000e+01 1.4111e+01 1.0600e+02 1.0300e+02
4.0000e+00 6.9985e+00 3.8000e+01 3.0000e+01
3.0000e+00 1.1047e+01 6.0000e+00 4.0000e+00
2.0000e+00 6.6041e+00 8.0000e+00 4.0000e+00
4.0000e+00 6.7072e+00 4.0000e+01 3.2000e+01
2.0000e+00 5.5430e+00 1.8000e+01 9.0000e+00
2.0000e+00 7.5058e+00 2.0000e+00 1.0000e+00
4.0000e+00 1.0536e+01 3.0000e+01 2.2000e+01
6.0000e+00 8.7293e+00 4.0000e+01 4.3000e+01
2.0000e+00 4.5725e+00 3.2000e+01 1.6000e+01
2.0000e+00 6.7052e+00 8.0000e+00 4.0000e+00
2.0000e+00 5.7615e+00 1.8000e+01 9.0000e+00
3.0000e+00 7.5800e+00 2.6000e+01 1.6000e+01
6.0000e+00 1.2145e+01 5.0000e+01 4.4000e+01
2.0000e+00 4.4895e+00 1.8000e+01 9.0000e+00
4.0000e+00 6.4426e+00 4.6000e+01 3.2000e+01
3.0000e+00 5.5711e+00 3.8000e+01 2.5000e+01
2.0000e+00 8.0141e+00 8.0000e+00 4.0000e+00
2.0000e+00 5.5987e+00 8.0000e+00 4.0000e+00
2.0000e+00 5.3991e+00 8.0000e+00 4.0000e+00
2.0000e+00 5.2998e+00 8.0000e+00 4.0000e+00
