# Cluster size, Rg (nm), M1, M2
5.2000e+01 2.2810e+01 4.7800e+02 5.0600e+02
3.0000e+00 7.8143e+00 2.6000e+01 1.6000e+01
3.2000e+01 2.7679e+01 3.3600e+02 3.7500e+02
2.0000e+00 6.3672e+00 8.0000e+00 4.0000e+00
1.0000e+01 1.2446e+01 6.6000e+01 7.1000e+01
3.0000e+00 7.0550e+00 2.6000e+01 1.6000e+01
2.8000e+01 1.8537e+01 2.9800e+02 3.2300e+02
3.5000e+01 2.3935e+01 2.9400e+02 2.9000e+02
1.6000e+01 1.7885e+01 1.6400e+02 1.7200e+02
3.0000e+00 5.7026e+00 1.4000e+01 9.0000e+00
1.2000e+01 1.6514e+01 1.3000e+02 1.2200e+02
7.0000e+00 9.0818e+00 6.0000e+01 5.1000e+01
1.8000e+01 1.6663e+01 1.9800e+02 1.9200e+02
8.0000e+00 1.1875e+01 7.4000e+01 8.1000e+01
5.0000e+00 1.0942e+01 3.0000e+01 2.4000e+01
3.0000e+00 8.0210e+00 1.4000e+01 9.0000e+00
2.0000e+00 5.4715e+00 3.2000e+01 1.6000e+01
1.1000e+01 1.5793e+01 7.8000e+01 7.1000e+01
2.0000e+00 6.3928e+00 8.0000e+00 4.0000e+00
2.0000e+00 5.1848e+00 1.8000e+01 9.0000e+00
2.0000e+00 5.6739e+00 8.0000e+00 4.0000e+00
8.0000e+00 1.1235e+01 8.0000e+01 8.9000e+01
2.0000e+00 5.4616e+00 1.8000e+01 9.0000e+00
2.0000e+00 8.6560e+00 1.8000e+01 9.0000e+00
2.0000e+00 6.6352e+00 8.0000e+00 4.0000e+00
3.0000e+00 9.3662e+00 1.4000e+01 9.0000e+00
2.0000e+00 5.6798e+00 8.0000e+00 4.0000e+00
4.0000e+00 8.6899e+00 3.8000e+01 3.0000e+01
5.0000e+00 8.5371e+00 5.2000e+01 4.2000e+01
2.0000e+00 5.2643e+00 1.8000e+01 9.0000e+00
2.0000e+00 4.4164e+00 3.2000e+01 1.6000e+01
2.0000e+00 5.8645e+00 8.0000e+00 4.0000e+00
2.0000e+00 5.4650e+00 1.8000e+01 9.0000e+00
2.0000e+00 7.6414e+00 1.8000e+01 9.0000e+00
9.2000e+01 3.1473e+01 9.0200e+02 1.0570e+03
2.7000e+01 2.4273e+01 3.2600e+02 3.4600e+02
4.0000e+00 7.4465e+00 6.8000e+01 5.5000e+01
2.0000e+00 5.9819e+00 1.8000e+01 9.0000e+00
7.0000e+00 1.4953e+01 7.6000e+01 8.0000e+01
4.0000e+00 1.3245e+01 3.0000e+01 2.2000e+01
5.6000e+01 3.1216e+01 4.8800e+02 5.3000e+02
2.0000e+00 6.1332e+00 2.0000e+00 1.0000e+00
3.0000e+00 7.6727e+00 2.6000e+01 1.6000e+01
1.9000e+01 1.7034e+01 1.7600e+02 1.9600e+02
2.0000e+00 7.5259e+00 8.0000e+00 4.0000e+00
4.0000e+00 7.0651e+00 4.6000e+01 3.4000e+01
4.0000e+00 7.2422e+00 1.8000e+01 1.4000e+01
4.0000e+00 8.0961e+00 6.6000e+01 5.2000e+01
2.0000e+00 6.3441e+00 2.0000e+00 1.0000e+00
3.0000e+00 6.1589e+00 2.6000e+01 1.6000e+01
3.0000e+00 5.6683e+00 3.8000e+01 2.5000e+01
2.0000e+00 5.8370e+00 1.8000e+01 9.0000e+00
4.0000e+00 8.7255e+00 1.8000e+01 1.4000e+01
2.0000e+00 6.5559e+00 2.0000e+00 1.0000e+00
6.0000e+00 1.2786e+01 3.6000e+01 3.0000e+01
2.0000e+00 4.6517e+00 3.2000e+01 1.6000e+01
2.0000e+00 7.7379e+00 2.0000e+00 1.0000e+00
8.0000e+00 1.3510e+01 1.1200e+02 1.1000e+02
3.0000e+00 7.7846e+00 4.2000e+01 2.5000e+01
1.4000e+01 1.5846e+01 1.2600e+02 1.2300e+02
3.0000e+00 7.6125e+00 1.4000e+01 9.0000e+00
2.0000e+00 5.1017e+00 3.2000e+01 1.6000e+01
2.0000e+00 4.3277e+00 3.2000e+01 1.6000e+01
2.0000e+00 5.3561e+00 1.8000e+01 9.0000e+00
2.0000e+00 5.1129e+00 8.0000e+00 4.0000e+00
2.0000e+00 5.0847e+00 3.2000e+01 1.6000e+01
2.0000e+00 4.6089e+00 1.8000e+01 9.0000e+00
2.0000e+00 5.7415e+00 8.0000e+00 4.0000e+00
2.0000e+00 5.6715e+00 3.2000e+01 1.6000e+01
2.0000e+00 7.6218e+00 2.0000e+00 1.0000e+00
2.0000e+00 5.3587e+00 8.0000e+00 4.0000e+00
5.0000e+00 9.9086e+00 2.4000e+01 2.0000e+01
5.0000e+00 1.0079e+01 2.4000e+01 2.1000e+01
7.0000e+00 9.4826e+00 6.2000e+01 5.0000e+01
6.0000e+00 1.3136e+01 5.2000e+01 4.7000e+01
3.0000e+01 2.2219e+01 2.9200e+02 3.1800e+02
2.3000e+01 1.9403e+01 2.2200e+02 2.3700e+02
3.0000e+00 7.7904e+00 6.0000e+00 4.0000e+00
1.0000e+01 1.5932e+01 7.4000e+01 6.6000e+01
6.0000e+00 1.0191e+01 2.8000e+01 2.4000e+01
9.0000e+00 1.3006e+01 7.6000e+01 7.3000e+01
5.0000e+00 9.2973e+00 4.2000e+01 3.2000e+01
4.0000e+00 1.1773e+01 3.0000e+01 2.2000e+01
6.0000e+00 1.0504e+01 5.0000e+01 4.4000e+01
6.0000e+00 1.0596e+01 7.0000e+01 6.2000e+01
2.0000e+00 5.2743e+00 8.0000e+00 4.0000e+00
9.0000e+00 1.1881e+01 1.0800e+02 1.1000e+02
3.7000e+01 2.1300e+01 4.4200e+02 5.0100e+02
4.0000e+00 6.8878e+00 5.4000e+01 4.3000e+01
2.7000e+01 1.7793e+01 2.5000e+02 2.8400e+02
3.0000e+00 7.6371e+00 2.6000e+01 1.6000e+01
1.0000e+01 1.4554e+01 1.0800e+02 9.3000e+01
2.0000e+00 6.5942e+00 8.0000e+00 4.0000e+00
2.0000e+00 5.9749e+00 2.0000e+00 1.0000e+00
5.0000e+00 9.8897e+00 3.4000e+01 2.8000e+01
3.0000e+00 7.3966e+00 2.4000e+01 1.6000e+01
2.0000e+00 4.5964e+00 5.0000e+01 2.5000e+01
3.0000e+00 6.4558e+00 2.4000e+01 1.6000e+01
6.0000e+00 1.2980e+01 7.0000e+01 7.4000e+01
2.0000e+00 4.6185e+00 1.8000e+01 9.0000e+00
9.0000e+00 1.1967e+01 7.2000e+01 7.2000e+01
2.0000e+00 7.0462e+00 2.0000e+00 1.0000e+00
7.0000e+00 1.0447e+01 6.2000e+01 5.8000e+01
5.0000e+00 9.6985e+00 2.4000e+01 2.0000e+01
3.0000e+00 6.3180e+00 3.8000e+01 2.5000e+01
4.0000e+00 1.0181e+01 2.6000e+01 2.1000e+01
2.0000e+00 6.1415e+00 2.0000e+00 1.0000e+00
7.0000e+00 1.2081e+01 3.2000e+01 2.9000e+01
3.0000e+00 8.9843e+00 2.6000e+01 1.6000e+01
2.0000e+00 5.3095e+00 2.0000e+00 1.0000e+00
2.0000e+00 6.5120e+00 8.0000e+00 4.0000e+00
2.0000e+00 6.0132e+00 8.0000e+00 4.0000e+00
