# Cluster size, Rg (nm), M1, M2
7.0000e+00 1.2618e+01 7.4000e+01 7.4000e+01
5.0000e+01 2.6381e+01 4.9600e+02 5.4200e+02
2.5000e+01 2.2537e+01 2.0400e+02 2.1300e+02
9.0000e+00 1.6125e+01 7.0000e+01 7.2000e+01
4.0000e+00 7.5420e+00 4.0000e+01 3.2000e+01
1.9000e+01 2.0619e+01 1.4600e+02 1.5600e+02
5.7000e+01 2.8753e+01 6.4800e+02 7.3800e+02
1.0000e+01 1.4653e+01 6.0000e+01 5.6000e+01
6.0000e+00 1.1579e+01 5.2000e+01 4.4000e+01
5.0000e+00 1.0406e+01 4.2000e+01 3.5000e+01
4.0000e+00 7.3836e+00 4.6000e+01 3.4000e+01
1.0000e+01 1.3109e+01 5.6000e+01 5.5000e+01
3.0000e+00 8.9896e+00 1.4000e+01 9.0000e+00
2.0000e+00 7.2276e+00 2.0000e+00 1.0000e+00
2.0000e+00 4.8091e+00 3.2000e+01 1.6000e+01
5.0000e+00 8.7123e+00 4.4000e+01 3.6000e+01
2.0000e+00 5.1574e+00 8.0000e+00 4.0000e+00
2.0000e+00 4.9245e+00 8.0000e+00 4.0000e+00
9.0000e+00 1.0732e+01 1.3200e+02 1.4200e+02
9.0000e+00 1.2024e+01 5.8000e+01 5.8000e+01
2.0000e+00 4.8103e+00 3.2000e+01 1.6000e+01
3.0000e+00 6.3516e+00 2.4000e+01 1.6000e+01
4.0000e+00 8.0303e+00 3.8000e+01 3.6000e+01
8.0000e+00 1.6521e+01 5.8000e+01 5.2000e+01
2.0000e+00 5.0056e+00 1.8000e+01 9.0000e+00
2.0000e+00 5.9670e+00 2.0000e+00 1.0000e+00
3.0000e+00 9.2749e+00 2.4000e+01 1.6000e+01
2.0000e+00 6.3628e+00 1.8000e+01 9.0000e+00
4.0000e+00 8.3059e+00 2.2000e+01 1.6000e+01
3.0000e+00 7.1201e+00 2.6000e+01 1.6000e+01
2.0000e+00 6.1498e+00 2.0000e+00 1.0000e+00
2.0000e+00 5.6215e+00 1.8000e+01 9.0000e+00
5.0000e+00 9.1015e+00 2.2000e+01 1.8000e+01
2.0000e+00 5.5975e+00 1.8000e+01 9.0000e+00
2.0000e+00 5.4395e+00 1.8000e+01 9.0000e+00
2.0000e+00 5.5828e+00 1.8000e+01 9.0000e+00
2.0000e+00 5.9230e+00 8.0000e+00 4.0000e+00
2.0000e+00 7.5835e+00 2.0000e+00 1.0000e+00
2.0000e+00 4.7305e+00 3.2000e+01 1.6000e+01
3.0000e+00 7.6263e+00 2.6000e+01 1.6000e+01
6.0000e+00 9.9029e+00 2.8000e+01 2.6000e+01
2.0000e+00 4.4557e+00 3.2000e+01 1.6000e+01
1.7300e+02 3.6197e+01 1.7300e+03 1.9840e+03
2.0000e+00 4.8767e+00 1.8000e+01 9.0000e+00
3.0000e+00 7.8162e+00 1.4000e+01 9.0000e+00
2.1000e+01 1.6951e+01 2.0400e+02 2.2400e+02
2.0000e+00 5.1281e+00 3.2000e+01 1.6000e+01
4.0000e+00 9.5908e+00 4.6000e+01 3.4000e+01
2.0000e+00 7.8117e+00 2.0000e+00 1.0000e+00
2.1000e+01 1.7059e+01 1.3400e+02 1.4000e+02
2.0000e+00 5.2652e+00 8.0000e+00 4.0000e+00
2.0000e+00 5.1060e+00 1.8000e+01 9.0000e+00
3.0000e+00 7.7771e+00 6.0000e+00 4.0000e+00
1.6000e+01 1.3792e+01 1.7000e+02 2.0400e+02
3.0000e+00 5.2020e+00 3.8000e+01 2.5000e+01
2.0000e+00 4.7091e+00 8.0000e+00 4.0000e+00
2.0000e+00 7.2927e+00 8.0000e+00 4.0000e+00
3.0000e+00 6.9660e+00 1.4000e+01 9.0000e+00
2.0000e+00 5.4258e+00 8.0000e+00 4.0000e+00
3.0000e+00 8.9898e+00 1.4000e+01 9.0000e+00
2.0000e+00 8.8678e+00 2.0000e+00 1.0000e+00
2.0000e+00 4.9488e+00 3.2000e+01 1.6000e+01
2.0000e+00 4.7646e+00 1.8000e+01 9.0000e+00
3.0000e+00 6.4227e+00 2.6000e+01 1.6000e+01
7.0000e+00 1.2293e+01 5.0000e+01 4.2000e+01
2.0000e+00 5.5063e+00 8.0000e+00 4.0000e+00
5.0000e+00 1.0844e+01 1.4000e+01 1.2000e+01
2.0000e+00 6.8128e+00 8.0000e+00 4.0000e+00
2.0000e+00 7.7920e+00 2.0000e+00 1.0000e+00
2.0000e+00 4.7166e+00 8.0000e+00 4.0000e+00
2.0000e+00 5.8937e+00 8.0000e+00 4.0000e+00
2.0000e+00 4.8745e+00 3.2000e+01 1.6000e+01
1.0000e+02 3.5874e+01 9.6600e+02 1.0970e+03
6.0000e+00 9.6262e+00 4.2000e+01 3.6000e+01
4.0000e+00 7.2829e+00 1.8000e+01 1.4000e+01
1.8000e+01 1.6489e+01 2.2000e+02 2.4300e+02
2.0000e+00 6.2477e+00 2.0000e+00 1.0000e+00
2.0000e+00 7.1954e+00 8.0000e+00 4.0000e+00
3.0000e+01 2.2031e+01 3.3600e+02 3.7100e+02
1.3000e+01 1.4422e+01 9.8000e+01 9.7000e+01
6.0000e+00 1.0790e+01 5.0000e+01 4.4000e+01
3.0000e+00 8.2759e+00 6.0000e+00 4.0000e+00
7.0000e+00 1.3051e+01 6.8000e+01 7.6000e+01
2.0000e+01 2.1749e+01 2.1800e+02 2.4200e+02
6.0000e+00 1.5078e+01 4.8000e+01 4.2000e+01
5.0000e+00 8.1342e+00 4.2000e+01 3.5000e+01
3.0000e+00 5.8650e+00 6.0000e+00 4.0000e+00
2.2000e+01 1.5947e+01 1.6200e+02 1.8100e+02
6.0000e+00 1.0009e+01 2.8000e+01 2.6000e+01
3.0000e+00 1.0786e+01 6.0000e+00 4.0000e+00
4.0000e+00 9.0160e+00 3.0000e+01 2.3000e+01
7.0000e+00 9.8510e+00 8.0000e+01 7.3000e+01
2.0000e+00 5.6086e+00 8.0000e+00 4.0000e+00
6.0000e+00 9.2264e+00 2.8000e+01 2.4000e+01
5.0000e+00 9.3148e+00 6.0000e+01 5.0000e+01
2.0000e+00 5.4590e+00 8.0000e+00 4.0000e+00
3.0000e+00 7.1329e+00 2.4000e+01 1.6000e+01
2.0000e+00 5.4945e+00 8.0000e+00 4.0000e+00
4.0000e+00 9.3695e+00 3.0000e+01 2.3000e+01
3.0000e+00 6.3925e+00 3.8000e+01 2.5000e+01
2.0000e+00 4.6611e+00 1.8000e+01 9.0000e+00
2.0000e+00 6.3171e+00 3.2000e+01 1.6000e+01
2.0000e+00 6.9492e+00 2.0000e+00 1.0000e+00
2.0000e+00 6.7411e+00 8.0000e+00 4.0000e+00
2.0000e+00 6.0956e+00 8.0000e+00 4.0000e+00
