# Cluster size, Rg (nm), M1, M2
2.5000e+01 1.9836e+01 2.2800e+02 2.4000e+02
1.3800e+02 3.3953e+01 1.4200e+03 1.6790e+03
3.9000e+01 2.7351e+01 4.0400e+02 4.8800e+02
3.1000e+01 1.9924e+01 3.3000e+02 3.5200e+02
5.0000e+00 7.5835e+00 6.0000e+01 4.7000e+01
2.0000e+00 6.8602e+00 2.0000e+00 1.0000e+00
8.0000e+00 1.0755e+01 6.6000e+01 7.2000e+01
4.0000e+00 1.1659e+01 1.8000e+01 1.4000e+01
3.0000e+00 5.7228e+00 3.8000e+01 2.5000e+01
5.0000e+00 8.4720e+00 4.2000e+01 3.2000e+01
6.0000e+00 9.7401e+00 4.8000e+01 5.2000e+01
3.0000e+00 6.5804e+00 6.0000e+00 4.0000e+00
2.0000e+00 4.6979e+00 1.8000e+01 9.0000e+00
2.0000e+00 6.1392e+00 2.0000e+00 1.0000e+00
3.0000e+00 6.5690e+00 2.6000e+01 1.6000e+01
6.0000e+00 9.9823e+00 7.4000e+01 5.4000e+01
2.0000e+00 5.2432e+00 1.8000e+01 9.0000e+00
2.0000e+00 7.7718e+00 2.0000e+00 1.0000e+00
2.0000e+00 6.8140e+00 2.0000e+00 1.0000e+00
2.0000e+00 5.8882e+00 8.0000e+00 4.0000e+00
2.0000e+00 5.8935e+00 3.2000e+01 1.6000e+01
2.0000e+00 6.4805e+00 8.0000e+00 4.0000e+00
2.0000e+00 6.1490e+00 1.8000e+01 9.0000e+00
3.0000e+00 6.4886e+00 2.6000e+01 1.6000e+01
3.0000e+00 7.1230e+00 1.4000e+01 9.0000e+00
5.0000e+00 9.2281e+00 3.2000e+01 2.7000e+01
1.3600e+02 3.9947e+01 1.4200e+03 1.5970e+03
8.0000e+00 1.1189e+01 5.2000e+01 4.6000e+01
3.0000e+00 8.5714e+00 1.4000e+01 9.0000e+00
1.0000e+01 1.3626e+01 9.2000e+01 8.7000e+01
6.0000e+00 8.7229e+00 6.2000e+01 5.4000e+01
4.0000e+00 6.8258e+00 5.0000e+01 4.9000e+01
5.0000e+00 8.6856e+00 4.2000e+01 3.2000e+01
2.0000e+00 4.8701e+00 1.8000e+01 9.0000e+00
2.0000e+00 5.2776e+00 1.8000e+01 9.0000e+00
2.0000e+00 4.7300e+00 1.8000e+01 9.0000e+00
7.0000e+00 1.0687e+01 6.4000e+01 6.0000e+01
5.0000e+00 7.0135e+00 7.0000e+01 7.3000e+01
2.0000e+00 5.8368e+00 8.0000e+00 4.0000e+00
4.0000e+00 7.6989e+00 3.0000e+01 2.2000e+01
2.0000e+00 4.9757e+00 3.2000e+01 1.6000e+01
1.3000e+01 1.2085e+01 1.1400e+02 1.1600e+02
2.0000e+00 4.9273e+00 1.8000e+01 9.0000e+00
2.0000e+00 4.9217e+00 3.2000e+01 1.6000e+01
8.0000e+00 1.1021e+01 5.0000e+01 4.8000e+01
6.0000e+00 1.0965e+01 6.0000e+01 5.1000e+01
2.0000e+00 8.0815e+00 2.0000e+00 1.0000e+00
2.0000e+00 4.4696e+00 3.2000e+01 1.6000e+01
4.0000e+00 9.6081e+00 3.6000e+01 2.5000e+01
3.0000e+00 7.7102e+00 1.4000e+01 9.0000e+00
3.0000e+00 1.0231e+01 1.4000e+01 9.0000e+00
2.0000e+00 5.8446e+00 8.0000e+00 4.0000e+00
6.0000e+00 7.3679e+00 7.6000e+01 6.6000e+01
2.0000e+00 5.6617e+00 2.0000e+00 1.0000e+00
2.0000e+00 5.3030e+00 1.8000e+01 9.0000e+00
2.0000e+00 4.7800e+00 3.2000e+01 1.6000e+01
5.0000e+00 1.1736e+01 3.2000e+01 2.7000e+01
3.0000e+00 8.6936e+00 4.2000e+01 2.5000e+01
2.0000e+00 7.5439e+00 1.8000e+01 9.0000e+00
6.0000e+00 1.1176e+01 6.2000e+01 5.0000e+01
2.0000e+00 4.4396e+00 8.0000e+00 4.0000e+00
2.0000e+00 6.0863e+00 8.0000e+00 4.0000e+00
2.0000e+00 6.3986e+00 2.0000e+00 1.0000e+00
2.0000e+00 5.5167e+00 8.0000e+00 4.0000e+00
4.0000e+00 1.0021e+01 2.0000e+01 1.5000e+01
2.0000e+00 8.5360e+00 8.0000e+00 4.0000e+00
3.0000e+00 7.1808e+00 3.8000e+01 2.5000e+01
3.0000e+00 1.0963e+01 6.0000e+00 4.0000e+00
2.0000e+00 5.7811e+00 8.0000e+00 4.0000e+00
2.0000e+00 6.5120e+00 8.0000e+00 4.0000e+00
1.5000e+01 1.8927e+01 1.2000e+02 1.2400e+02
4.0000e+00 8.0584e+00 1.0000e+01 8.0000e+00
7.1000e+01 2.7189e+01 8.1600e+02 1.0110e+03
1.2000e+01 1.5209e+01 1.6600e+02 1.7100e+02
1.8000e+01 1.6141e+01 1.0800e+02 1.2400e+02
1.0000e+01 1.0222e+01 7.8000e+01 7.8000e+01
5.8000e+01 2.2379e+01 5.7000e+02 6.2400e+02
3.0000e+00 9.8540e+00 1.4000e+01 9.0000e+00
2.0000e+01 1.4278e+01 2.3000e+02 2.7700e+02
6.0000e+00 1.0729e+01 7.0000e+01 7.0000e+01
7.0000e+00 9.3415e+00 7.2000e+01 8.9000e+01
3.0000e+00 6.4373e+00 3.8000e+01 2.5000e+01
2.0000e+00 5.2193e+00 1.8000e+01 9.0000e+00
2.0000e+00 5.1072e+00 3.2000e+01 1.6000e+01
9.0000e+00 1.4502e+01 7.4000e+01 7.4000e+01
2.0000e+00 7.1688e+00 2.0000e+00 1.0000e+00
3.0000e+00 8.4852e+00 3.8000e+01 2.5000e+01
2.0000e+00 5.8924e+00 1.8000e+01 9.0000e+00
2.0000e+00 5.6258e+00 2.0000e+00 1.0000e+00
6.0000e+00 8.3982e+00 2.8000e+01 2.4000e+01
3.0000e+00 7.2577e+00 6.0000e+00 4.0000e+00
2.0000e+00 5.0146e+00 8.0000e+00 4.0000e+00
2.0000e+00 5.6423e+00 8.0000e+00 4.0000e+00
5.0000e+00 8.0678e+00 3.4000e+01 3.0000e+01
3.0000e+00 8.9290e+00 6.0000e+00 4.0000e+00
2.0000e+00 4.8174e+00 3.2000e+01 1.6000e+01
2.0000e+00 6.1656e+00 2.0000e+00 1.0000e+00
2.0000e+00 9.0219e+00 2.0000e+00 1.0000e+00
2.0000e+00 5.2806e+00 1.8000e+01 9.0000e+00
2.0000e+00 5.3694e+00 3.2000e+01 1.6000e+01
2.0000e+00 5.4801e+00 1.8000e+01 9.0000e+00
2.0000e+00 5.3619e+00 8.0000e+00 4.0000e+00
2.0000e+00 5.6158e+00 8.0000e+00 4.0000e+00
2.0000e+00 5.9297e+00 3.2000e+01 1.6000e+01
3.0000e+00 7.9990e+00 6.0000e+00 4.0000e+00
