# Cluster size, Rg (nm), M1, M2
8.5000e+01 2.8943e+01 8.7000e+02 1.0010e+03
6.0000e+00 9.5466e+00 3.6000e+01 3.8000e+01
2.0000e+00 4.3859e+00 1.8000e+01 9.0000e+00
2.3000e+01 1.6509e+01 2.9000e+02 3.1700e+02
6.0000e+00 8.8610e+00 3.6000e+01 3.0000e+01
2.0000e+00 7.2975e+00 2.0000e+00 1.0000e+00
8.0000e+00 1.2202e+01 6.8000e+01 6.1000e+01
5.0000e+00 1.0301e+01 2.2000e+01 1.8000e+01
1.5000e+01 1.2149e+01 1.9200e+02 1.7900e+02
9.0000e+00 1.0327e+01 1.1000e+02 1.2300e+02
1.4000e+01 1.4546e+01 1.2800e+02 1.7100e+02
1.0000e+01 1.1458e+01 8.0000e+01 8.7000e+01
3.0000e+00 1.1112e+01 2.6000e+01 1.6000e+01
7.0000e+00 1.3351e+01 6.8000e+01 7.3000e+01
2.1000e+01 1.4831e+01 2.4200e+02 2.9200e+02
4.0000e+00 8.9637e+00 3.0000e+01 2.3000e+01
4.0000e+00 7.7899e+00 3.0000e+01 2.3000e+01
2.0000e+00 5.9082e+00 2.0000e+00 1.0000e+00
4.0000e+00 6.6844e+00 5.4000e+01 4.1000e+01
4.0000e+00 7.7458e+00 8.2000e+01 8.1000e+01
1.0000e+01 1.1461e+01 1.0400e+02 8.5000e+01
2.0000e+00 6.1147e+00 8.0000e+00 4.0000e+00
2.0000e+00 7.2320e+00 8.0000e+00 4.0000e+00
3.0000e+00 7.0825e+00 2.6000e+01 1.6000e+01
4.0000e+00 1.2492e+01 3.0000e+01 2.3000e+01
3.0000e+00 6.9885e+00 1.4000e+01 9.0000e+00
8.0000e+00 1.1173e+01 7.6000e+01 7.3000e+01
2.0000e+00 5.7754e+00 8.0000e+00 4.0000e+00
2.0000e+00 4.4724e+00 1.8000e+01 9.0000e+00
4.0000e+00 8.2020e+00 4.6000e+01 3.4000e+01
2.0000e+00 6.1976e+00 8.0000e+00 4.0000e+00
3.0000e+00 9.2175e+00 1.4000e+01 9.0000e+00
2.0000e+00 4.7587e+00 3.2000e+01 1.6000e+01
2.0000e+00 5.4503e+00 1.8000e+01 9.0000e+00
3.0000e+00 6.2095e+00 2.6000e+01 1.6000e+01
3.0000e+00 7.3701e+00 4.2000e+01 2.5000e+01
2.0000e+00 4.6082e+00 3.2000e+01 1.6000e+01
4.0000e+00 7.0353e+00 3.8000e+01 3.0000e+01
2.0000e+00 5.4149e+00 1.8000e+01 9.0000e+00
4.0000e+00 8.3611e+00 3.8000e+01 3.0000e+01
2.0000e+00 4.9932e+00 8.0000e+00 4.0000e+00
2.0000e+00 4.8911e+00 1.8000e+01 9.0000e+00
3.6000e+01 2.0617e+01 4.1200e+02 4.4400e+02
9.8000e+01 3.4531e+01 9.8200e+02 1.0500e+03
3.0000e+00 7.4099e+00 2.6000e+01 1.6000e+01
9.0000e+00 1.2384e+01 9.2000e+01 9.5000e+01
2.2000e+01 2.0710e+01 1.8800e+02 2.2700e+02
6.0000e+00 1.3195e+01 5.0000e+01 4.0000e+01
3.0000e+00 6.9899e+00 2.6000e+01 1.6000e+01
1.3000e+01 1.2286e+01 1.1200e+02 1.1100e+02
1.0000e+01 1.1371e+01 9.8000e+01 1.0500e+02
2.0000e+01 1.6780e+01 1.8400e+02 2.0200e+02
2.0000e+00 5.9265e+00 8.0000e+00 4.0000e+00
3.0000e+00 6.5475e+00 3.8000e+01 2.5000e+01
2.0000e+00 5.6195e+00 1.8000e+01 9.0000e+00
2.0000e+00 6.0704e+00 3.2000e+01 1.6000e+01
4.0000e+00 5.9872e+00 2.6000e+01 2.5000e+01
1.3000e+01 1.6625e+01 1.2000e+02 1.3500e+02
1.2000e+01 1.1678e+01 1.2000e+02 1.4500e+02
2.0000e+00 8.2675e+00 8.0000e+00 4.0000e+00
3.0000e+00 9.6339e+00 1.4000e+01 9.0000e+00
8.0000e+00 1.2519e+01 8.0000e+01 6.4000e+01
3.0000e+00 6.8403e+00 4.2000e+01 2.5000e+01
3.0000e+00 7.9749e+00 2.4000e+01 1.6000e+01
2.0000e+00 5.6676e+00 2.0000e+00 1.0000e+00
2.0000e+00 6.0415e+00 8.0000e+00 4.0000e+00
2.0000e+00 7.1217e+00 2.0000e+00 1.0000e+00
2.0000e+00 5.0026e+00 3.2000e+01 1.6000e+01
4.0000e+00 9.8992e+00 3.0000e+01 2.2000e+01
2.0000e+00 5.1531e+00 8.0000e+00 4.0000e+00
2.0000e+00 5.7959e+00 2.0000e+00 1.0000e+00
5.0000e+00 8.0513e+00 3.2000e+01 2.7000e+01
2.0000e+00 5.1175e+00 1.8000e+01 9.0000e+00
2.0000e+00 6.5547e+00 2.0000e+00 1.0000e+00
3.5000e+01 1.8855e+01 3.0200e+02 3.4700e+02
1.3000e+01 1.4756e+01 1.5600e+02 1.5700e+02
1.3000e+01 1.8150e+01 1.0000e+02 9.5000e+01
2.9000e+01 2.0170e+01 2.8800e+02 3.2200e+02
3.0000e+00 7.0321e+00 2.4000e+01 1.6000e+01
2.0000e+01 1.9765e+01 2.1200e+02 2.4500e+02
1.1000e+01 1.3143e+01 1.2000e+02 1.1500e+02
2.0000e+00 5.5589e+00 3.2000e+01 1.6000e+01
2.0000e+00 7.3558e+00 2.0000e+00 1.0000e+00
1.1000e+01 1.2380e+01 8.6000e+01 8.2000e+01
2.0000e+00 7.2240e+00 2.0000e+00 1.0000e+00
5.0000e+00 1.0524e+01 2.4000e+01 2.0000e+01
5.0000e+00 1.1315e+01 3.2000e+01 2.7000e+01
5.0000e+00 9.6173e+00 3.2000e+01 2.7000e+01
1.4000e+01 1.1534e+01 1.7400e+02 1.6700e+02
7.0000e+00 1.0411e+01 5.6000e+01 4.7000e+01
3.0000e+00 7.5016e+00 1.4000e+01 9.0000e+00
3.0000e+00 8.7890e+00 1.4000e+01 9.0000e+00
4.0000e+00 9.0383e+00 5.4000e+01 4.1000e+01
9.0000e+00 1.3904e+01 4.0000e+01 3.6000e+01
8.0000e+00 1.1785e+01 9.4000e+01 1.1400e+02
1.3000e+01 1.2621e+01 1.6200e+02 1.7000e+02
3.0000e+00 7.9901e+00 1.4000e+01 9.0000e+00
3.0000e+00 8.7260e+00 1.4000e+01 9.0000e+00
3.0000e+00 7.5242e+00 2.6000e+01 1.6000e+01
2.0000e+00 5.6801e+00 8.0000e+00 4.0000e+00
4.0000e+00 8.4262e+00 3.8000e+01 3.0000e+01
2.0000e+00 6.9971e+00 2.0000e+00 1.0000e+00
2.0000e+00 5.7280e+00 8.0000e+00 4.0000e+00
8.0000e+00 8.3824e+00 1.0200e+02 1.2600e+02
2.0000e+00 6.2622e+00 8.0000e+00 4.0000e+00
2.0000e+00 5.6492e+00 1.8000e+01 9.0000e+00
2.0000e+00 6.9038e+00 2.0000e+00 1.0000e+00
2.0000e+00 5.9442e+00 8.0000e+00 4.0000e+00
4.0000e+00 9.9667e+00 2.2000e+01 1.6000e+01
2.0000e+00 4.6608e+00 1.8000e+01 9.0000e+00
2.0000e+00 5.3104e+00 8.0000e+00 4.0000e+00
9.0000e+00 1.2048e+01 9.0000e+01 1.0600e+02
4.0000e+00 7.9836e+00 5.0000e+01 4.9000e+01
2.0000e+00 5.3598e+00 3.2000e+01 1.6000e+01
3.0000e+00 5.5959e+00 3.8000e+01 2.5000e+01
2.0000e+00 4.7225e+00 1.8000e+01 9.0000e+00
2.0000e+00 5.6875e+00 3.2000e+01 1.6000e+01
2.0000e+00 6.4539e+00 1.8000e+01 9.0000e+00
2.0000e+00 6.6713e+00 2.0000e+00 1.0000e+00
3.0000e+00 9.6905e+00 1.4000e+01 9.0000e+00
2.0000e+00 5.5057e+00 2.0000e+00 1.0000e+00
3.0000e+00 7.6327e+00 1.4000e+01 9.0000e+00
3.0000e+00 8.1376e+00 1.4000e+01 9.0000e+00
3.0000e+00 7.9534e+00 6.0000e+00 4.0000e+00
3.0000e+00 7.6302e+00 2.4000e+01 1.6000e+01
