# Cluster size, Rg (nm), M1, M2
3.0000e+00 6.6747e+00 2.4000e+01 1.6000e+01
3.0000e+00 6.2866e+00 2.4000e+01 1.6000e+01
2.0000e+00 5.0613e+00 1.8000e+01 9.0000e+00
7.6000e+01 2.6484e+01 7.4600e+02 9.0200e+02
3.0000e+00 8.2118e+00 2.6000e+01 1.6000e+01
8.0000e+00 1.2932e+01 8.4000e+01 7.8000e+01
4.8000e+01 2.2196e+01 4.8400e+02 5.9000e+02
3.0000e+01 1.8696e+01 2.5400e+02 2.6100e+02
4.0000e+00 7.3177e+00 4.6000e+01 3.4000e+01
8.0000e+00 1.6181e+01 7.0000e+01 6.4000e+01
6.0000e+00 8.3944e+00 5.8000e+01 5.7000e+01
9.0000e+00 1.1372e+01 5.8000e+01 5.7000e+01
3.0000e+00 8.8015e+00 6.0000e+00 4.0000e+00
4.0000e+00 9.3769e+00 3.8000e+01 3.0000e+01
4.0000e+00 7.5020e+00 3.8000e+01 3.0000e+01
1.4000e+01 1.9194e+01 9.8000e+01 9.7000e+01
4.0000e+00 1.0114e+01 2.0000e+01 1.5000e+01
7.0000e+00 1.0007e+01 6.0000e+01 5.3000e+01
2.0000e+00 8.0760e+00 2.0000e+00 1.0000e+00
8.0000e+00 1.0258e+01 9.6000e+01 1.0400e+02
2.0000e+00 6.3462e+00 2.0000e+00 1.0000e+00
5.0000e+00 1.0278e+01 3.4000e+01 2.8000e+01
2.0000e+00 4.9480e+00 8.0000e+00 4.0000e+00
3.0000e+00 5.7070e+00 2.6000e+01 1.6000e+01
6.0000e+00 8.8174e+00 8.8000e+01 7.8000e+01
6.0000e+00 1.3097e+01 3.6000e+01 3.2000e+01
3.0000e+00 6.3409e+00 2.6000e+01 1.6000e+01
4.0000e+00 8.4764e+00 3.0000e+01 2.3000e+01
4.0000e+00 7.2312e+00 4.0000e+01 3.2000e+01
2.0000e+00 4.9206e+00 3.2000e+01 1.6000e+01
2.0000e+00 6.4066e+00 1.8000e+01 9.0000e+00
3.0000e+00 6.6542e+00 1.4000e+01 9.0000e+00
2.0000e+00 4.3460e+00 3.2000e+01 1.6000e+01
2.0000e+00 6.7080e+00 2.0000e+00 1.0000e+00
2.0000e+00 5.8821e+00 8.0000e+00 4.0000e+00
3.0000e+00 6.7541e+00 2.6000e+01 1.6000e+01
2.0000e+00 6.0155e+00 8.0000e+00 4.0000e+00
3.3000e+01 2.1523e+01 3.4200e+02 3.8300e+02
1.8000e+01 1.4922e+01 2.0800e+02 2.5000e+02
4.0000e+00 8.1517e+00 3.0000e+01 2.3000e+01
5.0000e+00 1.0374e+01 2.2000e+01 1.8000e+01
9.4000e+01 3.3835e+01 8.0000e+02 9.2100e+02
3.0000e+00 6.5350e+00 2.6000e+01 1.6000e+01
9.0000e+00 1.0472e+01 1.3000e+02 1.2900e+02
4.0000e+00 7.6359e+00 3.0000e+01 2.2000e+01
2.0000e+00 5.1460e+00 1.8000e+01 9.0000e+00
4.0000e+00 8.4172e+00 1.8000e+01 1.4000e+01
8.0000e+00 1.1404e+01 6.4000e+01 7.8000e+01
2.0000e+00 6.3457e+00 8.0000e+00 4.0000e+00
3.0000e+00 6.8319e+00 2.6000e+01 1.6000e+01
2.0000e+00 6.3591e+00 8.0000e+00 4.0000e+00
1.3000e+01 1.4938e+01 1.0000e+02 9.4000e+01
4.0000e+00 9.7475e+00 2.6000e+01 2.1000e+01
1.2000e+01 1.4273e+01 1.2400e+02 1.1600e+02
2.0000e+00 8.1555e+00 8.0000e+00 4.0000e+00
6.0000e+00 1.1810e+01 4.8000e+01 4.2000e+01
2.0000e+00 6.4296e+00 8.0000e+00 4.0000e+00
2.0000e+00 7.6078e+00 2.0000e+00 1.0000e+00
2.0000e+00 4.4985e+00 1.8000e+01 9.0000e+00
4.0000e+00 9.3169e+00 3.0000e+01 2.3000e+01
4.0000e+00 8.0011e+00 1.8000e+01 1.4000e+01
2.0000e+00 6.7132e+00 8.0000e+00 4.0000e+00
1.0000e+01 1.4726e+01 8.2000e+01 7.9000e+01
2.0000e+00 5.1125e+00 8.0000e+00 4.0000e+00
2.0000e+00 7.1204e+00 1.8000e+01 9.0000e+00
3.0000e+00 9.0511e+00 6.0000e+00 4.0000e+00
2.0000e+00 5.7183e+00 8.0000e+00 4.0000e+00
3.0000e+00 7.8428e+00 1.4000e+01 9.0000e+00
2.0000e+00 5.3666e+00 1.8000e+01 9.0000e+00
4.0000e+00 7.2310e+00 5.4000e+01 4.9000e+01
4.0000e+00 7.2089e+00 4.6000e+01 3.4000e+01
2.0000e+00 5.6390e+00 1.8000e+01 9.0000e+00
2.0000e+00 7.0265e+00 2.0000e+00 1.0000e+00
4.0000e+00 8.0825e+00 5.0000e+01 4.0000e+01
2.0000e+00 8.1932e+00 2.0000e+00 1.0000e+00
2.0000e+00 6.2214e+00 8.0000e+00 4.0000e+00
2.0000e+00 5.7578e+00 1.8000e+01 9.0000e+00
4.0000e+00 1.1900e+01 2.2000e+01 1.6000e+01
2.0000e+00 5.1542e+00 1.8000e+01 9.0000e+00
3.0000e+00 7.1853e+00 2.4000e+01 1.6000e+01
2.0000e+00 4.3823e+00 8.0000e+00 4.0000e+00
2.0000e+00 6.0509e+00 8.0000e+00 4.0000e+00
3.0000e+00 6.7684e+00 2.6000e+01 1.6000e+01
1.1700e+02 3.1428e+01 1.1400e+03 1.2560e+03
5.0000e+00 1.2555e+01 3.4000e+01 2.8000e+01
2.0000e+00 5.6724e+00 8.0000e+00 4.0000e+00
2.0000e+00 5.6507e+00 8.0000e+00 4.0000e+00
1.5000e+01 1.4558e+01 1.2400e+02 1.2800e+02
2.0000e+00 4.7078e+00 1.8000e+01 9.0000e+00
7.0000e+00 1.0483e+01 6.2000e+01 5.2000e+01
5.0000e+00 8.2513e+00 3.4000e+01 3.4000e+01
3.0000e+00 7.5934e+00 2.6000e+01 1.6000e+01
4.0000e+00 9.0438e+00 4.6000e+01 3.2000e+01
4.0000e+00 9.5793e+00 3.0000e+01 2.2000e+01
3.1000e+01 2.0986e+01 2.7200e+02 3.0400e+02
4.0000e+00 7.9014e+00 3.4000e+01 2.5000e+01
6.0000e+00 9.7014e+00 2.4000e+01 2.2000e+01
2.0000e+00 5.6346e+00 1.8000e+01 9.0000e+00
9.0000e+00 1.1261e+01 7.2000e+01 8.6000e+01
7.0000e+00 1.3215e+01 6.0000e+01 5.9000e+01
3.0000e+00 8.2094e+00 2.6000e+01 1.6000e+01
2.0000e+00 6.0122e+00 8.0000e+00 4.0000e+00
2.0000e+00 4.6498e+00 1.8000e+01 9.0000e+00
1.2000e+01 1.5603e+01 8.0000e+01 8.9000e+01
3.0000e+00 6.4205e+00 2.4000e+01 1.6000e+01
2.0000e+00 6.1996e+00 2.0000e+00 1.0000e+00
2.0000e+00 4.8019e+00 3.2000e+01 1.6000e+01
2.0000e+00 6.7664e+00 2.0000e+00 1.0000e+00
2.0000e+00 6.2404e+00 8.0000e+00 4.0000e+00
3.0000e+00 6.6033e+00 1.4000e+01 9.0000e+00
2.0000e+00 5.3255e+00 1.8000e+01 9.0000e+00
2.0000e+00 5.6561e+00 8.0000e+00 4.0000e+00
5.0000e+00 9.1089e+00 3.4000e+01 2.6000e+01
6.0000e+00 1.1262e+01 6.2000e+01 4.8000e+01
6.0000e+00 1.1255e+01 5.8000e+01 4.4000e+01
4.0000e+00 1.0250e+01 2.2000e+01 1.6000e+01
2.0000e+00 4.8229e+00 1.8000e+01 9.0000e+00
2.0000e+00 5.4512e+00 8.0000e+00 4.0000e+00
3.0000e+00 8.0875e+00 2.6000e+01 1.6000e+01
3.0000e+00 6.4134e+00 2.4000e+01 1.6000e+01
2.0000e+00 7.5647e+00 2.0000e+00 1.0000e+00
2.0000e+00 9.7085e+00 2.0000e+00 1.0000e+00
2.0000e+00 6.4903e+00 8.0000e+00 4.0000e+00
2.0000e+00 5.4334e+00 1.8000e+01 9.0000e+00
2.0000e+00 6.5401e+00 1.8000e+01 9.0000e+00
2.0000e+00 6.9389e+00 1.8000e+01 9.0000e+00
2.0000e+00 6.3652e+00 1.8000e+01 9.0000e+00
