0.0000e+00
0.0000e+00
0.0000e+00
0.0000e+00
0.0000e+00
0.0000e+00
1.5000e-01
0.0000e+00
0.0000e+00
0.0000e+00
0.0000e+00
0.0000e+00
0.0000e+00
0.0000e+00
1.1250e-01
1.1250e-01
0.0000e+00
1.6250e-01
0.0000e+00
0.0000e+00
0.0000e+00
0.0000e+00
0.0000e+00
2.7500e-01
1.1250e-01
0.0000e+00
0.0000e+00
0.0000e+00
1.7500e-01
1.2500e-01
1.1250e-01
0.0000e+00
0.0000e+00
0.0000e+00
0.0000e+00
0.0000e+00
0.0000e+00
0.0000e+00
0.0000e+00
0.0000e+00
0.0000e+00
0.0000e+00
0.0000e+00
0.0000e+00
0.0000e+00
0.0000e+00
0.0000e+00
0.0000e+00
2.6250e-01
0.0000e+00
0.0000e+00
0.0000e+00
0.0000e+00
0.0000e+00
0.0000e+00
0.0000e+00
0.0000e+00
0.0000e+00
1.1250e-01
1.5000e-01
0.0000e+00
0.0000e+00
1.6250e-01
0.0000e+00
2.1250e-01
0.0000e+00
0.0000e+00
0.0000e+00
1.3750e-01
0.0000e+00
0.0000e+00
2.3750e-01
0.0000e+00
0.0000e+00
0.0000e+00
2.8750e-01
3.2500e-01
1.1250e-01
0.0000e+00
1.3750e-01
0.0000e+00
0.0000e+00
1.2500e-01
0.0000e+00
2.7500e-01
0.0000e+00
1.1250e-01
0.0000e+00
0.0000e+00
2.7500e-01
0.0000e+00
0.0000e+00
0.0000e+00
0.0000e+00
0.0000e+00
0.0000e+00
0.0000e+00
0.0000e+00
0.0000e+00
0.0000e+00
0.0000e+00
0.0000e+00
0.0000e+00
0.0000e+00
0.0000e+00
0.0000e+00
0.0000e+00
0.0000e+00
1.7500e-01
1.5000e-01
0.0000e+00
0.0000e+00
0.0000e+00
2.6250e-01
1.2500e-01
2.7500e-01
0.0000e+00
0.0000e+00
0.0000e+00
1.1250e-01
0.0000e+00
1.2500e-01
0.0000e+00
0.0000e+00
0.0000e+00
0.0000e+00
1.1250e-01
0.0000e+00
1.3750e-01
1.2500e-01
1.3750e-01
2.6250e-01
0.0000e+00
0.0000e+00
0.0000e+00
0.0000e+00
0.0000e+00
0.0000e+00
0.0000e+00
1.2500e-01
0.0000e+00
0.0000e+00
0.0000e+00
0.0000e+00
0.0000e+00
1.8750e-01
0.0000e+00
0.0000e+00
0.0000e+00
0.0000e+00
0.0000e+00
0.0000e+00
0.0000e+00
0.0000e+00
0.0000e+00
1.1250e-01
0.0000e+00
1.2500e-01
1.5000e-01
0.0000e+00
0.0000e+00
0.0000e+00
0.0000e+00
0.0000e+00
0.0000e+00
0.0000e+00
0.0000e+00
0.0000e+00
0.0000e+00
2.1250e-01
0.0000e+00
0.0000e+00
1.5000e-01
0.0000e+00
1.1250e-01
1.3750e-01
0.0000e+00
0.0000e+00
0.0000e+00
0.0000e+00
0.0000e+00
1.2500e-01
1.1250e-01
0.0000e+00
0.0000e+00
0.0000e+00
1.2500e-01
1.2500e-01
1.6250e-01
1.1250e-01
0.0000e+00
0.0000e+00
1.3750e-01
0.0000e+00
0.0000e+00
0.0000e+00
1.1250e-01
1.1250e-01
1.2500e-01
0.0000e+00
0.0000e+00
1.2500e-01
1.2500e-01
0.0000e+00
1.3750e-01
0.0000e+00
1.2500e-01
0.0000e+00
2.7500e-01
0.0000e+00
0.0000e+00
0.0000e+00
0.0000e+00
1.2500e-01
1.3750e-01
1.3750e-01
0.0000e+00
0.0000e+00
2.7500e-01
0.0000e+00
0.0000e+00
0.0000e+00
0.0000e+00
0.0000e+00
1.3750e-01
1.6250e-01
0.0000e+00
0.0000e+00
0.0000e+00
1.3750e-01
1.7500e-01
0.0000e+00
0.0000e+00
0.0000e+00
1.2500e-01
1.1250e-01
0.0000e+00
0.0000e+00
1.2500e-01
0.0000e+00
0.0000e+00
0.0000e+00
1.1250e-01
1.3750e-01
0.0000e+00
0.0000e+00
0.0000e+00
0.0000e+00
1.2500e-01
1.1250e-01
2.7500e-01
0.0000e+00
0.0000e+00
1.1250e-01
0.0000e+00
0.0000e+00
1.1250e-01
0.0000e+00
0.0000e+00
0.0000e+00
0.0000e+00
0.0000e+00
0.0000e+00
0.0000e+00
0.0000e+00
1.1250e-01
0.0000e+00
1.2500e-01
2.7500e-01
1.2500e-01
1.3750e-01
0.0000e+00
0.0000e+00
1.5000e-01
1.1250e-01
1.5000e-01
1.1250e-01
1.1250e-01
1.6250e-01
0.0000e+00
2.5000e-01
1.2500e-01
0.0000e+00
0.0000e+00
0.0000e+00
0.0000e+00
0.0000e+00
2.7500e-01
0.0000e+00
0.0000e+00
0.0000e+00
0.0000e+00
1.5000e-01
0.0000e+00
1.5000e-01
2.3750e-01
0.0000e+00
0.0000e+00
0.0000e+00
0.0000e+00
0.0000e+00
0.0000e+00
1.3750e-01
1.3750e-01
0.0000e+00
1.1250e-01
0.0000e+00
0.0000e+00
1.2500e-01
1.2500e-01
0.0000e+00
0.0000e+00
0.0000e+00
0.0000e+00
2.5000e-01
0.0000e+00
1.6250e-01
0.0000e+00
0.0000e+00
0.0000e+00
0.0000e+00
0.0000e+00
1.5000e-01
0.0000e+00
1.1250e-01
0.0000e+00
0.0000e+00
0.0000e+00
0.0000e+00
0.0000e+00
0.0000e+00
0.0000e+00
0.0000e+00
1.8750e-01
0.0000e+00
1.2500e-01
1.3750e-01
0.0000e+00
0.0000e+00
0.0000e+00
0.0000e+00
0.0000e+00
1.3750e-01
0.0000e+00
0.0000e+00
0.0000e+00
0.0000e+00
0.0000e+00
0.0000e+00
0.0000e+00
0.0000e+00
0.0000e+00
0.0000e+00
1.3750e-01
2.0000e-01
0.0000e+00
0.0000e+00
0.0000e+00
0.0000e+00
0.0000e+00
0.0000e+00
0.0000e+00
1.8750e-01
0.0000e+00
0.0000e+00
3.8750e-01
0.0000e+00
1.1250e-01
0.0000e+00
1.3750e-01
0.0000e+00
1.2500e-01
0.0000e+00
0.0000e+00
0.0000e+00
1.1250e-01
0.0000e+00
0.0000e+00
0.0000e+00
0.0000e+00
1.5000e-01
1.5000e-01
1.5000e-01
0.0000e+00
0.0000e+00
0.0000e+00
0.0000e+00
0.0000e+00
2.6250e-01
1.1250e-01
0.0000e+00
0.0000e+00
1.5000e-01
0.0000e+00
1.5000e-01
0.0000e+00
0.0000e+00
0.0000e+00
0.0000e+00
0.0000e+00
