2.0000e-01
1.3750e-01
1.3750e-01
2.8750e-01
1.3750e-01
1.2500e-01
1.5000e-01
2.3750e-01
1.0000e-01
2.0000e-01
3.0000e-01
3.0000e-01
6.2500e-02
1.0000e-01
3.2500e-01
2.8750e-01
8.7500e-02
2.8750e-01
2.2500e-01
1.3750e-01
3.5000e-01
2.5000e-01
6.2500e-02
4.1250e-01
3.0000e-01
7.5000e-02
1.7500e-01
2.8750e-01
4.2500e-01
2.5000e-01
2.3750e-01
2.0000e-01
1.3750e-01
1.2500e-01
3.6250e-01
7.5000e-02
7.5000e-02
1.3750e-01
1.3750e-01
1.0000e-01
2.1250e-01
2.5000e-01
2.8750e-01
7.5000e-02
6.2500e-02
1.5000e-01
4.0000e-01
3.8750e-01
4.3750e-01
1.6250e-01
1.0000e-01
2.6250e-01
2.7500e-01
8.7500e-02
7.5000e-02
1.3750e-01
7.5000e-02
6.2500e-02
1.1250e-01
3.3750e-01
2.5000e-01
2.6250e-01
2.8750e-01
1.3750e-01
4.1250e-01
7.5000e-02
2.2500e-01
1.2500e-01
2.8750e-01
7.5000e-02
1.0000e-01
4.1250e-01
1.8750e-01
2.5000e-01
1.3750e-01
2.8750e-01
4.1250e-01
2.3750e-01
2.6250e-01
2.2500e-01
1.2500e-01
2.1250e-01
1.2500e-01
2.1250e-01
3.3750e-01
1.3750e-01
3.3750e-01
3.7500e-01
1.5000e-01
2.7500e-01
6.2500e-02
2.1250e-01
2.1250e-01
1.3750e-01
7.5000e-02
2.0000e-01
2.5000e-01
7.5000e-02
1.3750e-01
8.7500e-02
1.6250e-01
6.2500e-02
6.2500e-02
2.7500e-01
6.2500e-02
2.8750e-01
2.0000e-01
3.0000e-01
3.2500e-01
3.6250e-01
0.0000e+00
1.2500e-01
6.2500e-02
2.6250e-01
3.8750e-01
4.1250e-01
7.5000e-02
1.2500e-01
1.5000e-01
1.7500e-01
6.2500e-02
2.0000e-01
2.1250e-01
1.3750e-01
7.5000e-02
2.7500e-01
1.8750e-01
2.0000e-01
1.3750e-01
1.8750e-01
2.1250e-01
3.8750e-01
3.0000e-01
2.5000e-01
3.3750e-01
2.2500e-01
2.2500e-01
1.6250e-01
2.2500e-01
2.0000e-01
7.5000e-02
0.0000e+00
1.3750e-01
6.2500e-02
1.3750e-01
2.5000e-01
1.2500e-01
2.1250e-01
2.1250e-01
6.2500e-02
1.3750e-01
2.5000e-01
2.7500e-01
1.5000e-01
1.3750e-01
2.1250e-01
6.2500e-02
2.1250e-01
2.1250e-01
1.5000e-01
0.0000e+00
3.5000e-01
1.6250e-01
3.0000e-01
1.2500e-01
2.0000e-01
1.5000e-01
2.6250e-01
6.2500e-02
3.5000e-01
1.8750e-01
3.0000e-01
3.2500e-01
7.5000e-02
1.1250e-01
2.1250e-01
1.6250e-01
1.6250e-01
7.5000e-02
2.2500e-01
6.2500e-02
2.6250e-01
2.7500e-01
1.6250e-01
1.6250e-01
2.1250e-01
2.1250e-01
1.8750e-01
2.8750e-01
3.3750e-01
0.0000e+00
1.5000e-01
3.0000e-01
6.2500e-02
3.0000e-01
2.5000e-01
2.8750e-01
1.1250e-01
5.1250e-01
2.2500e-01
0.0000e+00
3.1250e-01
1.8750e-01
2.6250e-01
2.8750e-01
7.5000e-02
2.0000e-01
1.2500e-01
2.7500e-01
1.7500e-01
6.2500e-02
2.1250e-01
1.8750e-01
1.2500e-01
2.6250e-01
3.5000e-01
1.3750e-01
1.5000e-01
2.7500e-01
1.5000e-01
2.2500e-01
2.2500e-01
1.7500e-01
2.6250e-01
1.3750e-01
3.7500e-01
2.2500e-01
1.3750e-01
1.8750e-01
2.6250e-01
3.2500e-01
2.3750e-01
7.5000e-02
8.7500e-02
2.5000e-01
1.1250e-01
0.0000e+00
2.3750e-01
3.2500e-01
1.3750e-01
2.1250e-01
1.6250e-01
3.0000e-01
2.7500e-01
3.2500e-01
7.5000e-02
1.6250e-01
1.2500e-01
3.6250e-01
2.0000e-01
2.7500e-01
1.3750e-01
2.3750e-01
2.3750e-01
1.0000e-01
2.1250e-01
2.5000e-01
1.2500e-01
2.7500e-01
1.3750e-01
1.5000e-01
0.0000e+00
0.0000e+00
2.2500e-01
1.0000e-01
2.3750e-01
1.2500e-01
1.8750e-01
5.1250e-01
2.0000e-01
2.6250e-01
3.3750e-01
7.5000e-02
3.2500e-01
2.5000e-01
1.5000e-01
1.1250e-01
2.6250e-01
3.1250e-01
2.1250e-01
3.1250e-01
3.3750e-01
2.7500e-01
2.1250e-01
1.6250e-01
3.7500e-01
2.3750e-01
2.7500e-01
3.1250e-01
1.7500e-01
2.0000e-01
3.0000e-01
2.7500e-01
1.2500e-01
2.2500e-01
3.0000e-01
2.1250e-01
7.5000e-02
6.2500e-02
7.5000e-02
2.7500e-01
2.1250e-01
2.2500e-01
3.3750e-01
1.5000e-01
3.6250e-01
0.0000e+00
2.2500e-01
2.0000e-01
2.2500e-01
8.7500e-02
1.7500e-01
6.2500e-02
1.5000e-01
3.8750e-01
8.7500e-02
2.3750e-01
2.1250e-01
1.6250e-01
2.2500e-01
2.0000e-01
1.5000e-01
2.3750e-01
2.7500e-01
2.5000e-01
6.2500e-02
1.2500e-01
2.8750e-01
2.2500e-01
1.6250e-01
2.3750e-01
8.7500e-02
2.2500e-01
4.1250e-01
0.0000e+00
2.5000e-01
1.3750e-01
3.1250e-01
1.3750e-01
2.2500e-01
7.5000e-02
2.1250e-01
2.8750e-01
1.5000e-01
2.6250e-01
1.3750e-01
1.3750e-01
2.1250e-01
1.2500e-01
1.2500e-01
0.0000e+00
1.8750e-01
1.3750e-01
2.1250e-01
3.2500e-01
2.7500e-01
7.5000e-02
3.7500e-01
0.0000e+00
2.3750e-01
6.2500e-02
2.3750e-01
2.5000e-01
2.2500e-01
6.2500e-02
4.6250e-01
2.5000e-01
2.6250e-01
0.0000e+00
3.0000e-01
4.2500e-01
3.3750e-01
2.3750e-01
2.3750e-01
8.7500e-02
3.2500e-01
3.0000e-01
1.3750e-01
1.5000e-01
0.0000e+00
2.2500e-01
3.6250e-01
3.2500e-01
8.7500e-02
1.7500e-01
3.0000e-01
1.7500e-01
6.2500e-02
3.3750e-01
3.3750e-01
3.1250e-01
1.8750e-01
3.1250e-01
2.6250e-01
2.7500e-01
1.8750e-01
1.8750e-01
1.7500e-01
6.2500e-02
2.3750e-01
