5.333333333333333259e-01
2.000000000000000111e-01
4.000000000000000222e-01
5.999999999999999778e-01
6.666666666666666297e-01
5.999999999999999778e-01
5.999999999999999778e-01
5.333333333333333259e-01
6.400000000000000133e-01
8.000000000000000444e-01
4.000000000000000222e-01
4.000000000000000222e-01
4.799999999999999822e-01
4.000000000000000222e-01
2.000000000000000111e-01
6.999999999999999556e-01
4.000000000000000222e-01
5.999999999999999778e-01
2.000000000000000111e-01
4.000000000000000222e-01
4.000000000000000222e-01
2.000000000000000111e-01
5.999999999999999778e-01
5.999999999999999778e-01
4.799999999999999822e-01
5.000000000000000000e-01
4.000000000000000222e-01
6.666666666666666297e-01
2.666666666666666630e-01
2.000000000000000111e-01
8.000000000000000444e-01
3.200000000000000067e-01
5.333333333333333259e-01
4.000000000000000222e-01
5.333333333333333259e-01
2.000000000000000111e-01
4.000000000000000222e-01
5.999999999999999778e-01
4.000000000000000222e-01
4.000000000000000222e-01
2.000000000000000111e-01
4.000000000000000222e-01
5.000000000000000000e-01
5.000000000000000000e-01
2.000000000000000111e-01
5.333333333333333259e-01
5.333333333333333259e-01
4.000000000000000222e-01
4.000000000000000222e-01
4.000000000000000222e-01
5.333333333333333259e-01
4.000000000000000222e-01
4.000000000000000222e-01
6.400000000000000133e-01
4.000000000000000222e-01
8.000000000000000444e-01
4.000000000000000222e-01
4.000000000000000222e-01
4.000000000000000222e-01
2.000000000000000111e-01
5.666666666666666519e-01
5.999999999999999778e-01
6.400000000000000133e-01
5.333333333333333259e-01
4.000000000000000222e-01
4.000000000000000222e-01
6.666666666666666297e-01
2.666666666666666630e-01
2.000000000000000111e-01
4.000000000000000222e-01
5.000000000000000000e-01
4.000000000000000222e-01
2.000000000000000111e-01
8.000000000000000444e-01
5.333333333333333259e-01
4.000000000000000222e-01
6.666666666666666297e-01
5.999999999999999778e-01
4.000000000000000222e-01
2.666666666666666630e-01
8.000000000000000444e-01
5.999999999999999778e-01
2.000000000000000111e-01
5.999999999999999778e-01
4.000000000000000222e-01
5.333333333333333259e-01
5.999999999999999778e-01
4.000000000000000222e-01
2.000000000000000111e-01
4.000000000000000222e-01
5.999999999999999778e-01
4.000000000000000222e-01
4.000000000000000222e-01
8.000000000000000444e-01
4.799999999999999822e-01
5.999999999999999778e-01
2.000000000000000111e-01
8.000000000000000444e-01
2.000000000000000111e-01
5.999999999999999778e-01
5.600000000000000533e-01
5.333333333333333259e-01
8.000000000000000444e-01
8.000000000000000444e-01
2.000000000000000111e-01
2.000000000000000111e-01
5.999999999999999778e-01
4.000000000000000222e-01
8.000000000000000444e-01
4.000000000000000222e-01
5.999999999999999778e-01
2.000000000000000111e-01
2.000000000000000111e-01
2.666666666666666630e-01
4.000000000000000222e-01
5.333333333333333259e-01
4.000000000000000222e-01
2.000000000000000111e-01
5.999999999999999778e-01
5.333333333333333259e-01
5.999999999999999778e-01
4.000000000000000222e-01
4.000000000000000222e-01
5.999999999999999778e-01
5.999999999999999778e-01
2.666666666666666630e-01
2.000000000000000111e-01
5.999999999999999778e-01
2.666666666666666630e-01
5.999999999999999778e-01
5.999999999999999778e-01
5.000000000000000000e-01
5.333333333333333259e-01
2.000000000000000111e-01
4.444444444444444198e-01
5.000000000000000000e-01
4.000000000000000222e-01
2.000000000000000111e-01
2.000000000000000111e-01
5.000000000000000000e-01
5.999999999999999778e-01
2.666666666666666630e-01
5.999999999999999778e-01
4.000000000000000222e-01
4.000000000000000222e-01
5.999999999999999778e-01
6.666666666666666297e-01
8.000000000000000444e-01
5.999999999999999778e-01
5.999999999999999778e-01
5.333333333333333259e-01
5.999999999999999778e-01
4.000000000000000222e-01
5.600000000000000533e-01
6.400000000000000133e-01
5.999999999999999778e-01
2.000000000000000111e-01
5.333333333333333259e-01
4.000000000000000222e-01
2.000000000000000111e-01
6.666666666666666297e-01
2.000000000000000111e-01
2.000000000000000111e-01
4.000000000000000222e-01
5.999999999999999778e-01
5.999999999999999778e-01
8.000000000000000444e-01
6.666666666666666297e-01
8.000000000000000444e-01
5.999999999999999778e-01
5.999999999999999778e-01
5.333333333333333259e-01
6.400000000000000133e-01
5.999999999999999778e-01
5.000000000000000000e-01
5.333333333333333259e-01
5.999999999999999778e-01
2.000000000000000111e-01
5.999999999999999778e-01
5.999999999999999778e-01
5.000000000000000000e-01
4.000000000000000222e-01
4.000000000000000222e-01
5.600000000000000533e-01
2.000000000000000111e-01
5.000000000000000000e-01
5.000000000000000000e-01
5.000000000000000000e-01
4.000000000000000222e-01
5.999999999999999778e-01
6.666666666666666297e-01
5.666666666666666519e-01
4.000000000000000222e-01
5.333333333333333259e-01
4.000000000000000222e-01
2.000000000000000111e-01
2.000000000000000111e-01
4.000000000000000222e-01
4.000000000000000222e-01
5.999999999999999778e-01
4.000000000000000222e-01
6.666666666666666297e-01
8.000000000000000444e-01
5.999999999999999778e-01
