3.5234e-01
3.7266e-01
3.5234e-01
2.1953e-01
3.2969e-01
3.7266e-01
2.9141e-01
3.9297e-01
3.1328e-01
3.8438e-01
3.8359e-01
2.3359e-01
3.6953e-01
4.2109e-01
3.4297e-01
2.1719e-01
3.5313e-01
2.7500e-01
3.8438e-01
3.2344e-01
3.7656e-01
3.2969e-01
3.4219e-01
2.8672e-01
2.7734e-01
2.5781e-01
3.6641e-01
4.4062e-01
4.9141e-01
4.3672e-01
3.3516e-01
3.1484e-01
3.3437e-01
3.3750e-01
3.5156e-01
3.4531e-01
3.6797e-01
3.9453e-01
2.9844e-01
2.0234e-01
2.5938e-01
2.8594e-01
2.2812e-01
3.2031e-01
3.6797e-01
3.9687e-01
4.1172e-01
2.5703e-01
2.8437e-01
3.5078e-01
1.9844e-01
3.2344e-01
3.1797e-01
4.5781e-01
4.2031e-01
2.8594e-01
3.5703e-01
2.5703e-01
4.2891e-01
3.0000e-01
3.1484e-01
3.0938e-01
2.6953e-01
3.8984e-01
3.4609e-01
2.7578e-01
2.8047e-01
3.3047e-01
4.4766e-01
4.1094e-01
2.7656e-01
2.7969e-01
3.5781e-01
4.8594e-01
2.4922e-01
2.5156e-01
3.0703e-01
3.0625e-01
3.6016e-01
2.9922e-01
3.4375e-01
4.0234e-01
4.4688e-01
2.5234e-01
2.6797e-01
3.9375e-01
4.1016e-01
3.7109e-01
2.3047e-01
2.9453e-01
2.8594e-01
3.3437e-01
2.1563e-01
2.8672e-01
4.1953e-01
3.9141e-01
4.5000e-01
1.8984e-01
3.8750e-01
3.4063e-01
4.0859e-01
3.9453e-01
2.8828e-01
1.6953e-01
3.3203e-01
3.1562e-01
4.3516e-01
4.2109e-01
2.0625e-01
3.9766e-01
3.8203e-01
4.0937e-01
2.8906e-01
3.0469e-01
4.0625e-01
3.6641e-01
3.4766e-01
3.5234e-01
4.6563e-01
3.3594e-01
2.0703e-01
3.0469e-01
4.0000e-01
3.9141e-01
2.9141e-01
2.8594e-01
2.7031e-01
3.7969e-01
3.1641e-01
2.0234e-01
4.2578e-01
2.5859e-01
2.7422e-01
3.9531e-01
4.5859e-01
4.1641e-01
3.0469e-01
2.1875e-01
3.0000e-01
2.7969e-01
3.3125e-01
3.1016e-01
4.8516e-01
3.2734e-01
4.1563e-01
3.5938e-01
2.8281e-01
3.0469e-01
3.1406e-01
3.6719e-01
3.7188e-01
4.7422e-01
3.7734e-01
3.8984e-01
3.7969e-01
4.4375e-01
3.2188e-01
2.3828e-01
3.9531e-01
3.5234e-01
3.0703e-01
3.4844e-01
3.2734e-01
2.5391e-01
3.2969e-01
3.7969e-01
2.4844e-01
3.2031e-01
4.0937e-01
2.5234e-01
2.7344e-01
3.5859e-01
3.1641e-01
3.1875e-01
3.2656e-01
3.0781e-01
3.7500e-01
3.3750e-01
4.0703e-01
3.3437e-01
3.8594e-01
3.5703e-01
4.0547e-01
2.9219e-01
2.8047e-01
4.0156e-01
2.9375e-01
3.2266e-01
3.8125e-01
2.4453e-01
3.4844e-01
1.1484e-01
3.1484e-01
3.7656e-01
3.4063e-01
3.3906e-01
3.3828e-01
3.6484e-01
3.2891e-01
2.9063e-01
2.7969e-01
3.4453e-01
3.5156e-01
4.2812e-01
3.1484e-01
3.1094e-01
4.0000e-01
2.8281e-01
3.0234e-01
3.2969e-01
2.6484e-01
2.3125e-01
2.3906e-01
2.8047e-01
3.7578e-01
3.8438e-01
1.8438e-01
2.0312e-01
4.0469e-01
3.6641e-01
4.0078e-01
3.4609e-01
3.6328e-01
3.5938e-01
3.6172e-01
3.0391e-01
3.3984e-01
2.2109e-01
3.8047e-01
3.3828e-01
3.8438e-01
3.8047e-01
1.9844e-01
3.6797e-01
3.0156e-01
4.7422e-01
3.3516e-01
2.7656e-01
3.9687e-01
4.0391e-01
2.7266e-01
2.6484e-01
3.2656e-01
4.1563e-01
3.3984e-01
2.3594e-01
3.8984e-01
2.9219e-01
3.8828e-01
3.5078e-01
3.8984e-01
3.2812e-01
3.0078e-01
2.9609e-01
3.6953e-01
3.7344e-01
3.1094e-01
3.8750e-01
2.7500e-01
4.1172e-01
3.7109e-01
4.6406e-01
3.1875e-01
3.6016e-01
3.8281e-01
3.0625e-01
3.3516e-01
3.3437e-01
2.8203e-01
4.0391e-01
3.0703e-01
3.9453e-01
2.5312e-01
2.8984e-01
2.4766e-01
3.1250e-01
2.5000e-01
3.9062e-01
4.2734e-01
2.8672e-01
3.2734e-01
3.1875e-01
3.4063e-01
2.8906e-01
3.9375e-01
3.7266e-01
2.9531e-01
2.2969e-01
3.7500e-01
4.0000e-01
2.8437e-01
3.5234e-01
3.3125e-01
3.6484e-01
2.8437e-01
4.0078e-01
3.0703e-01
3.1562e-01
4.2656e-01
4.0937e-01
3.7344e-01
3.2578e-01
3.7344e-01
3.1328e-01
3.4453e-01
2.7422e-01
2.3672e-01
2.6641e-01
3.4219e-01
4.5312e-01
2.7891e-01
3.3203e-01
4.2422e-01
3.1953e-01
4.1484e-01
4.0156e-01
1.8359e-01
3.5313e-01
3.5625e-01
3.6719e-01
2.2500e-01
3.0859e-01
3.1016e-01
4.5469e-01
2.1797e-01
2.7109e-01
4.5391e-01
3.6797e-01
2.6328e-01
2.1406e-01
2.4766e-01
4.1953e-01
2.3438e-01
3.8672e-01
3.6562e-01
3.5234e-01
3.9375e-01
5.2969e-01
3.7031e-01
4.2109e-01
2.4766e-01
2.9375e-01
4.2578e-01
4.4141e-01
3.4297e-01
2.6719e-01
3.6797e-01
2.6953e-01
3.8438e-01
3.2578e-01
2.2578e-01
3.9922e-01
2.7031e-01
3.7031e-01
3.6562e-01
2.5547e-01
3.7500e-01
3.1875e-01
3.2109e-01
2.5156e-01
3.4297e-01
3.5234e-01
4.0234e-01
3.6328e-01
4.1094e-01
3.4453e-01
3.8438e-01
3.1797e-01
4.3438e-01
3.2188e-01
2.5312e-01
3.7031e-01
4.1797e-01
4.0547e-01
3.5391e-01
3.2656e-01
3.5313e-01
4.1641e-01
3.8359e-01
3.3359e-01
4.2500e-01
3.8750e-01
2.6172e-01
3.5234e-01
4.2656e-01
3.4063e-01
4.2734e-01
3.0391e-01
3.9297e-01
3.6484e-01
3.8125e-01
3.8750e-01
2.8828e-01
2.7578e-01
2.6797e-01
2.6953e-01
3.5859e-01
3.1328e-01
3.6875e-01
3.8906e-01
