0.0000e+00
0.0000e+00
0.0000e+00
0.0000e+00
1.1563e-01
2.5156e-01
0.0000e+00
2.1719e-01
0.0000e+00
0.0000e+00
1.0547e-01
0.0000e+00
1.1719e-01
1.1953e-01
1.0781e-01
0.0000e+00
1.3828e-01
0.0000e+00
1.0234e-01
0.0000e+00
2.3672e-01
0.0000e+00
1.6641e-01
0.0000e+00
1.1172e-01
1.2109e-01
0.0000e+00
1.6875e-01
0.0000e+00
1.4766e-01
0.0000e+00
0.0000e+00
1.0781e-01
0.0000e+00
1.0391e-01
0.0000e+00
0.0000e+00
0.0000e+00
0.0000e+00
0.0000e+00
1.0078e-01
0.0000e+00
0.0000e+00
0.0000e+00
1.1328e-01
1.2500e-01
1.0938e-01
0.0000e+00
1.1172e-01
0.0000e+00
0.0000e+00
0.0000e+00
0.0000e+00
1.1328e-01
0.0000e+00
1.7031e-01
1.1094e-01
1.2266e-01
0.0000e+00
0.0000e+00
1.0859e-01
0.0000e+00
0.0000e+00
0.0000e+00
1.5859e-01
1.4844e-01
1.2812e-01
1.3828e-01
1.6875e-01
0.0000e+00
0.0000e+00
0.0000e+00
0.0000e+00
2.6484e-01
0.0000e+00
0.0000e+00
1.2500e-01
1.4922e-01
0.0000e+00
0.0000e+00
1.5156e-01
0.0000e+00
1.3047e-01
0.0000e+00
0.0000e+00
1.1484e-01
1.1875e-01
0.0000e+00
0.0000e+00
0.0000e+00
0.0000e+00
0.0000e+00
0.0000e+00
1.0156e-01
2.1172e-01
0.0000e+00
1.5781e-01
0.0000e+00
0.0000e+00
1.1406e-01
0.0000e+00
1.1797e-01
0.0000e+00
0.0000e+00
0.0000e+00
0.0000e+00
2.0312e-01
0.0000e+00
0.0000e+00
1.8906e-01
2.4766e-01
1.0859e-01
0.0000e+00
1.0625e-01
1.1094e-01
0.0000e+00
1.8281e-01
0.0000e+00
2.2266e-01
1.4766e-01
0.0000e+00
0.0000e+00
1.3125e-01
0.0000e+00
0.0000e+00
0.0000e+00
1.0391e-01
0.0000e+00
1.1172e-01
1.1094e-01
0.0000e+00
0.0000e+00
0.0000e+00
1.6562e-01
0.0000e+00
2.6406e-01
0.0000e+00
0.0000e+00
0.0000e+00
1.3672e-01
0.0000e+00
0.0000e+00
1.4609e-01
1.0469e-01
0.0000e+00
0.0000e+00
0.0000e+00
0.0000e+00
0.0000e+00
1.8438e-01
2.9375e-01
2.9375e-01
0.0000e+00
0.0000e+00
1.1719e-01
1.7188e-01
2.1563e-01
0.0000e+00
0.0000e+00
0.0000e+00
1.2031e-01
1.1563e-01
0.0000e+00
1.3906e-01
0.0000e+00
0.0000e+00
0.0000e+00
0.0000e+00
0.0000e+00
1.3359e-01
1.0312e-01
0.0000e+00
0.0000e+00
1.9141e-01
0.0000e+00
1.1250e-01
1.0156e-01
0.0000e+00
1.1563e-01
1.1719e-01
0.0000e+00
1.0547e-01
3.2734e-01
2.1094e-01
0.0000e+00
1.4531e-01
0.0000e+00
0.0000e+00
0.0000e+00
0.0000e+00
0.0000e+00
0.0000e+00
1.3437e-01
1.1172e-01
1.4844e-01
0.0000e+00
0.0000e+00
1.2344e-01
2.1094e-01
1.1563e-01
0.0000e+00
0.0000e+00
0.0000e+00
0.0000e+00
1.4141e-01
0.0000e+00
1.5469e-01
0.0000e+00
0.0000e+00
1.2891e-01
0.0000e+00
0.0000e+00
0.0000e+00
0.0000e+00
0.0000e+00
1.2266e-01
1.0312e-01
0.0000e+00
0.0000e+00
1.2969e-01
0.0000e+00
1.5078e-01
2.4219e-01
2.0156e-01
0.0000e+00
0.0000e+00
0.0000e+00
0.0000e+00
2.5234e-01
1.2031e-01
1.4531e-01
1.1719e-01
0.0000e+00
1.0469e-01
1.5156e-01
2.6875e-01
0.0000e+00
0.0000e+00
0.0000e+00
1.5547e-01
0.0000e+00
0.0000e+00
0.0000e+00
0.0000e+00
0.0000e+00
0.0000e+00
0.0000e+00
0.0000e+00
0.0000e+00
1.3047e-01
1.2500e-01
1.1563e-01
0.0000e+00
0.0000e+00
1.0547e-01
0.0000e+00
0.0000e+00
1.0078e-01
1.2266e-01
0.0000e+00
0.0000e+00
2.1484e-01
0.0000e+00
1.1484e-01
0.0000e+00
1.4844e-01
0.0000e+00
0.0000e+00
0.0000e+00
0.0000e+00
1.3437e-01
0.0000e+00
0.0000e+00
0.0000e+00
0.0000e+00
1.3594e-01
1.1563e-01
0.0000e+00
2.3359e-01
0.0000e+00
1.4922e-01
0.0000e+00
0.0000e+00
0.0000e+00
1.8594e-01
1.0156e-01
0.0000e+00
0.0000e+00
1.2969e-01
1.1484e-01
0.0000e+00
0.0000e+00
0.0000e+00
0.0000e+00
0.0000e+00
1.0312e-01
0.0000e+00
0.0000e+00
1.1406e-01
1.3203e-01
2.3438e-01
0.0000e+00
3.0547e-01
1.3125e-01
0.0000e+00
0.0000e+00
0.0000e+00
0.0000e+00
0.0000e+00
1.1328e-01
0.0000e+00
0.0000e+00
1.2266e-01
2.2500e-01
0.0000e+00
1.3359e-01
0.0000e+00
1.0234e-01
2.4297e-01
1.1172e-01
0.0000e+00
0.0000e+00
0.0000e+00
1.6484e-01
0.0000e+00
0.0000e+00
1.1016e-01
0.0000e+00
0.0000e+00
0.0000e+00
0.0000e+00
0.0000e+00
0.0000e+00
2.3359e-01
1.0469e-01
2.6641e-01
2.6172e-01
1.6250e-01
0.0000e+00
1.2109e-01
0.0000e+00
1.9453e-01
0.0000e+00
1.6094e-01
1.0703e-01
0.0000e+00
1.3828e-01
0.0000e+00
0.0000e+00
0.0000e+00
0.0000e+00
1.0781e-01
0.0000e+00
0.0000e+00
0.0000e+00
0.0000e+00
0.0000e+00
0.0000e+00
0.0000e+00
0.0000e+00
0.0000e+00
1.6562e-01
2.3047e-01
0.0000e+00
2.4922e-01
0.0000e+00
1.4219e-01
0.0000e+00
1.0938e-01
0.0000e+00
0.0000e+00
0.0000e+00
1.1094e-01
0.0000e+00
2.1406e-01
0.0000e+00
0.0000e+00
0.0000e+00
0.0000e+00
0.0000e+00
2.0312e-01
1.3281e-01
0.0000e+00
1.2500e-01
1.2891e-01
0.0000e+00
0.0000e+00
0.0000e+00
0.0000e+00
0.0000e+00
1.2812e-01
0.0000e+00
0.0000e+00
1.0391e-01
0.0000e+00
0.0000e+00
0.0000e+00
0.0000e+00
2.4063e-01
1.0703e-01
