4.2188e-01
4.5937e-01
3.4375e-01
4.3438e-01
5.2812e-01
5.4688e-01
4.4375e-01
5.6875e-01
4.2500e-01
4.7500e-01
4.9688e-01
5.0313e-01
5.5312e-01
4.6250e-01
4.1563e-01
4.8750e-01
5.1562e-01
4.0625e-01
5.4688e-01
5.9062e-01
2.7500e-01
5.1562e-01
6.0625e-01
3.6562e-01
3.5625e-01
4.7187e-01
6.7188e-01
5.9375e-01
5.0938e-01
7.2813e-01
4.2500e-01
5.2187e-01
4.3438e-01
4.0313e-01
5.5000e-01
2.6250e-01
5.1250e-01
4.8125e-01
4.5312e-01
4.6250e-01
5.7188e-01
3.8125e-01
5.7188e-01
3.7188e-01
5.5000e-01
4.5937e-01
5.6875e-01
3.0000e-01
5.5937e-01
4.6563e-01
5.1875e-01
4.3750e-01
4.0625e-01
4.9688e-01
4.8438e-01
5.0000e-01
4.8438e-01
5.4375e-01
4.6250e-01
4.0937e-01
5.1875e-01
3.7812e-01
3.2500e-01
4.5937e-01
5.9688e-01
5.9375e-01
6.0000e-01
5.5625e-01
5.2812e-01
4.5937e-01
2.5000e-01
3.8438e-01
4.9375e-01
5.5625e-01
6.5000e-01
4.2188e-01
4.2188e-01
5.6250e-01
4.4062e-01
6.0313e-01
5.5000e-01
4.4062e-01
5.9375e-01
5.6875e-01
4.6563e-01
6.4375e-01
4.5625e-01
2.4375e-01
4.0313e-01
5.6250e-01
3.2812e-01
4.2812e-01
5.5937e-01
5.6250e-01
4.9375e-01
3.8438e-01
5.8437e-01
5.0625e-01
5.5312e-01
5.3438e-01
4.3125e-01
4.0313e-01
4.8125e-01
5.9688e-01
5.4688e-01
4.3750e-01
5.6250e-01
3.8125e-01
4.1875e-01
4.7187e-01
4.5937e-01
6.1875e-01
4.1563e-01
4.8438e-01
4.8750e-01
5.9062e-01
5.0000e-01
3.6250e-01
5.9375e-01
6.5625e-01
4.2500e-01
3.8125e-01
5.3125e-01
5.9375e-01
4.6563e-01
3.9062e-01
6.1562e-01
4.9688e-01
5.3125e-01
3.9375e-01
4.2500e-01
4.8438e-01
4.8125e-01
6.3125e-01
4.4062e-01
5.0313e-01
3.7188e-01
3.0625e-01
4.7813e-01
6.1562e-01
4.1563e-01
3.9687e-01
6.6563e-01
4.3750e-01
3.3437e-01
4.7500e-01
3.5938e-01
5.7812e-01
4.7813e-01
3.9687e-01
5.0625e-01
4.2500e-01
3.2500e-01
3.0000e-01
4.5000e-01
5.0313e-01
4.2500e-01
4.1250e-01
3.9687e-01
4.2188e-01
3.8438e-01
5.8437e-01
5.5000e-01
4.6250e-01
4.7813e-01
4.7813e-01
5.7188e-01
6.3750e-01
4.6250e-01
3.5938e-01
5.3750e-01
2.2812e-01
3.2812e-01
4.4062e-01
4.1563e-01
3.7812e-01
2.6875e-01
4.6250e-01
5.1250e-01
6.3125e-01
5.4688e-01
6.1562e-01
6.8750e-01
4.4062e-01
4.6250e-01
4.2500e-01
5.0313e-01
3.2500e-01
3.0000e-01
3.8438e-01
2.9688e-01
5.1875e-01
2.9063e-01
4.5312e-01
5.2812e-01
5.0313e-01
4.3438e-01
4.4375e-01
6.5938e-01
4.5312e-01
4.3750e-01
2.7500e-01
3.7188e-01
4.7813e-01
4.6250e-01
4.6250e-01
4.9688e-01
3.6250e-01
5.2500e-01
4.5000e-01
4.4688e-01
5.7500e-01
5.2812e-01
4.2812e-01
4.9062e-01
3.8750e-01
4.5312e-01
3.3750e-01
6.6250e-01
5.0313e-01
5.1250e-01
3.7812e-01
3.9687e-01
6.1250e-01
4.5937e-01
4.5625e-01
4.5937e-01
3.7188e-01
5.9062e-01
4.7187e-01
5.3438e-01
5.0000e-01
4.5000e-01
5.1250e-01
4.8438e-01
6.9688e-01
5.3750e-01
3.4063e-01
4.4062e-01
4.7187e-01
6.0313e-01
6.5938e-01
3.6562e-01
5.4688e-01
6.2500e-01
4.6563e-01
2.8750e-01
5.0938e-01
4.4062e-01
4.8750e-01
3.3437e-01
4.3438e-01
6.0313e-01
3.9687e-01
3.5313e-01
4.4062e-01
5.7188e-01
5.7188e-01
5.6875e-01
4.3750e-01
4.0313e-01
4.8125e-01
4.7500e-01
5.4063e-01
4.4062e-01
2.9063e-01
5.3438e-01
4.1250e-01
4.7813e-01
6.6250e-01
5.5937e-01
4.0000e-01
5.1250e-01
5.7188e-01
5.1875e-01
2.8437e-01
3.6562e-01
5.6250e-01
5.1250e-01
4.9375e-01
4.7813e-01
4.4375e-01
5.9062e-01
5.0000e-01
5.9062e-01
4.4688e-01
4.2500e-01
5.5000e-01
5.6875e-01
5.2500e-01
5.3438e-01
5.0313e-01
5.2500e-01
7.0625e-01
3.2188e-01
4.0937e-01
5.5000e-01
4.4062e-01
3.4063e-01
6.0000e-01
5.2812e-01
3.5000e-01
4.6250e-01
6.1875e-01
4.6563e-01
3.5313e-01
4.8125e-01
4.9375e-01
4.8125e-01
5.3125e-01
5.0625e-01
4.4375e-01
6.2187e-01
4.0000e-01
5.5625e-01
6.5938e-01
4.6250e-01
5.0625e-01
5.2812e-01
6.7812e-01
4.3750e-01
4.9375e-01
4.5937e-01
5.7188e-01
5.2187e-01
4.9688e-01
5.1250e-01
5.1875e-01
5.9688e-01
5.3438e-01
4.0937e-01
4.7813e-01
4.5312e-01
5.8750e-01
4.4688e-01
5.2812e-01
4.1250e-01
5.5312e-01
5.1562e-01
6.0000e-01
4.9062e-01
4.3125e-01
4.5937e-01
3.8438e-01
3.8125e-01
3.3125e-01
3.5625e-01
5.4688e-01
4.5625e-01
5.1562e-01
5.6875e-01
5.4063e-01
2.5000e-01
4.7813e-01
5.7812e-01
4.4062e-01
4.3125e-01
3.7812e-01
4.3750e-01
3.0000e-01
3.6562e-01
3.9375e-01
5.7812e-01
5.7812e-01
4.8750e-01
5.7812e-01
4.6875e-01
1.9062e-01
4.0313e-01
4.3125e-01
6.0313e-01
6.5625e-01
4.2500e-01
5.3750e-01
6.3750e-01
3.8438e-01
3.9375e-01
5.3750e-01
4.6250e-01
4.4688e-01
5.0313e-01
4.0625e-01
4.8750e-01
5.4375e-01
4.7187e-01
4.9062e-01
3.5313e-01
4.4688e-01
5.2187e-01
4.3125e-01
6.1562e-01
4.3750e-01
3.4687e-01
4.3438e-01
4.6875e-01
2.9063e-01
4.8750e-01
6.5312e-01
3.2500e-01
4.1250e-01
