1.0938e-01
3.4375e-01
1.0938e-01
3.7812e-01
3.8438e-01
4.1875e-01
3.8750e-01
3.7812e-01
2.0625e-01
3.7812e-01
3.4687e-01
4.3750e-01
5.5312e-01
2.5000e-01
4.1563e-01
2.1875e-01
4.5625e-01
1.4375e-01
3.5938e-01
5.9062e-01
1.4062e-01
2.7187e-01
4.6250e-01
1.1563e-01
1.7813e-01
3.3437e-01
5.4063e-01
3.1250e-01
4.4688e-01
5.5312e-01
4.2500e-01
4.0313e-01
1.3437e-01
2.6562e-01
4.1875e-01
1.0938e-01
4.3438e-01
3.8750e-01
3.9687e-01
3.6562e-01
3.8750e-01
2.6875e-01
4.8750e-01
2.7187e-01
2.7813e-01
3.4063e-01
4.5000e-01
3.0000e-01
3.0312e-01
4.6563e-01
4.3125e-01
2.3438e-01
3.5000e-01
2.2812e-01
4.8438e-01
5.0000e-01
4.8438e-01
5.4375e-01
4.6250e-01
3.2500e-01
0.0000e+00
0.0000e+00
0.0000e+00
3.1875e-01
3.5313e-01
5.3750e-01
4.7500e-01
4.4375e-01
4.1563e-01
3.7812e-01
1.8438e-01
2.5938e-01
2.5938e-01
2.5625e-01
6.5000e-01
1.5937e-01
3.6562e-01
3.3125e-01
2.2187e-01
5.3125e-01
4.0937e-01
2.5000e-01
5.2187e-01
4.1875e-01
4.0313e-01
3.5938e-01
2.9375e-01
1.5313e-01
3.5000e-01
4.9688e-01
3.2812e-01
2.5312e-01
4.4688e-01
4.8125e-01
3.6250e-01
0.0000e+00
5.8437e-01
3.6250e-01
3.8125e-01
3.8125e-01
3.7500e-01
2.6562e-01
3.4687e-01
5.1562e-01
5.4688e-01
3.8438e-01
2.6875e-01
3.8125e-01
1.4375e-01
4.7187e-01
4.5937e-01
4.7187e-01
3.3750e-01
2.6250e-01
2.0312e-01
5.0313e-01
4.0000e-01
2.9063e-01
4.2188e-01
5.9062e-01
3.6875e-01
2.5938e-01
4.7187e-01
3.6250e-01
3.3437e-01
2.9375e-01
4.9375e-01
4.9688e-01
4.6875e-01
1.1875e-01
3.4063e-01
3.3125e-01
1.7500e-01
3.2500e-01
3.6875e-01
1.9375e-01
1.2500e-01
3.0625e-01
3.3125e-01
6.1562e-01
0.0000e+00
1.5313e-01
5.2812e-01
2.9375e-01
2.8125e-01
4.1875e-01
2.5000e-01
4.9062e-01
1.6562e-01
3.9687e-01
4.4062e-01
2.8750e-01
2.2500e-01
1.0938e-01
4.5000e-01
4.0625e-01
3.0000e-01
1.8750e-01
1.0625e-01
1.6875e-01
2.1563e-01
3.5313e-01
3.8438e-01
1.1250e-01
3.0000e-01
2.0312e-01
5.1250e-01
3.7500e-01
3.9687e-01
2.9688e-01
4.1563e-01
0.0000e+00
2.5938e-01
0.0000e+00
2.5625e-01
1.6562e-01
1.2500e-01
3.7812e-01
4.4062e-01
6.3125e-01
4.6875e-01
6.1562e-01
6.8750e-01
1.1563e-01
2.1875e-01
2.8750e-01
5.0313e-01
0.0000e+00
1.8750e-01
3.2500e-01
2.9688e-01
5.1875e-01
1.2187e-01
3.7500e-01
3.3125e-01
4.5000e-01
2.3750e-01
3.6562e-01
6.0313e-01
3.8438e-01
3.3125e-01
1.2500e-01
0.0000e+00
1.7500e-01
3.0312e-01
4.0313e-01
4.4062e-01
3.6250e-01
4.6875e-01
4.5000e-01
3.3437e-01
3.0312e-01
4.7187e-01
3.6562e-01
3.2812e-01
2.6875e-01
2.4688e-01
1.5625e-01
5.3750e-01
3.0312e-01
3.6562e-01
2.4688e-01
2.4375e-01
4.4062e-01
4.5937e-01
2.5625e-01
4.5937e-01
2.9688e-01
3.7188e-01
1.8438e-01
5.3438e-01
5.0000e-01
3.9062e-01
4.5625e-01
3.0625e-01
5.5312e-01
3.6250e-01
1.6875e-01
2.9375e-01
3.6562e-01
2.9063e-01
5.6875e-01
2.8125e-01
4.8750e-01
4.0000e-01
3.2188e-01
1.6562e-01
2.9688e-01
2.9688e-01
2.3438e-01
1.9687e-01
3.8125e-01
6.0313e-01
3.3750e-01
1.1875e-01
4.4062e-01
5.7188e-01
2.9375e-01
3.2188e-01
1.7500e-01
3.3750e-01
2.9375e-01
3.6250e-01
4.1563e-01
3.3125e-01
1.1250e-01
3.0625e-01
1.8750e-01
2.9063e-01
6.6250e-01
4.4062e-01
3.4063e-01
3.0000e-01
5.0938e-01
4.3438e-01
1.4062e-01
1.9375e-01
3.0312e-01
5.1250e-01
4.2500e-01
4.2188e-01
1.0938e-01
4.5937e-01
3.6875e-01
4.0937e-01
1.6875e-01
3.7188e-01
4.2188e-01
4.4375e-01
4.3750e-01
3.9687e-01
2.9063e-01
5.2500e-01
6.4375e-01
2.3750e-01
4.0937e-01
4.5937e-01
3.4687e-01
2.8125e-01
4.9062e-01
4.3125e-01
3.5000e-01
3.0938e-01
5.5937e-01
1.0625e-01
2.3438e-01
4.2500e-01
4.2188e-01
1.6250e-01
3.5938e-01
4.4375e-01
3.4375e-01
2.7500e-01
3.4375e-01
3.3750e-01
5.9062e-01
3.6875e-01
3.5000e-01
4.6563e-01
6.0313e-01
2.2812e-01
4.3438e-01
3.1250e-01
2.8125e-01
5.2187e-01
2.4688e-01
3.8750e-01
2.0938e-01
4.0625e-01
5.3438e-01
1.2812e-01
1.0312e-01
2.5938e-01
2.1250e-01
2.8437e-01
3.1250e-01
2.4688e-01
4.8125e-01
3.8750e-01
5.3750e-01
2.1250e-01
0.0000e+00
3.0000e-01
2.9063e-01
1.2500e-01
1.7188e-01
3.0312e-01
4.9062e-01
3.2188e-01
4.3750e-01
3.5000e-01
3.3750e-01
1.5937e-01
4.7813e-01
5.0625e-01
1.1563e-01
1.9687e-01
3.7812e-01
2.2187e-01
1.9062e-01
1.8125e-01
3.9375e-01
5.0313e-01
2.7500e-01
3.8125e-01
4.7187e-01
3.7188e-01
1.9062e-01
2.5000e-01
4.3125e-01
4.7813e-01
5.0625e-01
3.5313e-01
2.8125e-01
5.6875e-01
1.6250e-01
2.6250e-01
4.8125e-01
3.1875e-01
2.2812e-01
3.0938e-01
2.1875e-01
4.3125e-01
3.2188e-01
4.1875e-01
4.2500e-01
1.1875e-01
1.2187e-01
5.2187e-01
3.0000e-01
1.3750e-01
3.5313e-01
2.7500e-01
3.4375e-01
2.1875e-01
2.9063e-01
3.9062e-01
5.2500e-01
1.9375e-01
2.9375e-01
